7.4844
8.04944
6.56891
5.06924
5.41423
7.4528
6.8667
6.02303
6.8938
9.18223
7.72221
6.29654
6.42088
7.07403
9.01669
6.38307
9.0335
7.81361
6.03887
5.552
6.92269
5.8581
6.79298
5.65788
5.32239
4.98248
9.47499
9.72381
6.62189
6.60793
8.63567
5.48028
5.50694
4.67148
7.71675
7.36657
6.37338
10.9077
11.1957
4.69911
9.69511
3.94657
4.08052
5.48038
7.51855
10.1145
7.65312
7.35117
6.31994
5.98614
6.33096
5.02181
7.05544
5.57944
7.9108
5.19207
6.26099
6.85997
4.26741
10.7693
7.16069
9.48867
6.4329
5.21311
7.35154
11.8412
5.91319
8.82799
6.98083
6.92166
8.32916
6.94478
7.27768
7.70406
6.86575
9.66626
5.75552
4.85743
5.20924
6.30413
6.19449
8.75149
5.42182
11.3057
7.97425
6.17807
10.1554
4.03362
7.30332
5.0489
12.322
6.26921
5.25922
7.51089
9.28065
5.52286
8.51498
6.04845
9.9757
5.58498
6.33709
6.72509
10.7189
7.51351
5.8523
5.51186
5.60192
11.026
10.1416
5.04056
7.69614
8.94418
5.07745
4.9819
5.61884
6.97662
10.235
7.12839
7.4232
4.98119
8.32344
4.83245
4.96121
7.12094
8.14826
6.02012
7.25855
6.05173
6.71021
6.20483
4.89391
9.19947
8.78205
8.76501
5.91853
6.32919
5.48898
9.06837
5.64931
4.34793
5.385
8.4723
5.24052
8.34948
4.87173
7.02192
5.06678
6.51142
6.51677
5.46928
8.69271
6.97419
5.15563
4.7569
6.41374
6.5652
7.8204
7.76811
4.91912
6.09018
5.02653
9.68206
4.75778
6.53094
8.25211
6.96761
12.0755
4.7277
6.08223
9.30936
7.43186
7.91537
8.19011
5.64353
9.49668
8.15267
6.5788
6.015
9.11151
6.86295
5.42413
5.84121
8.64325
7.15357
8.78535
6.67724
9.30351
6.47028
5.49337
6.71178
7.24134
7.88421
5.66949
10.0846
5.91293
5.284
8.12027
5.55279
5.05281
7.1762
9.06199
7.49092
7.14084
5.92992
6.75795
9.60865
7.05664
7.05427
5.27103
5.2635
5.76178
10.0754
5.91326
7.5573
7.6045
6.86328
10.4153
7.15843
4.67729
6.40725
4.82924
10.1548
7.99389
7.05909
5.46051
9.89324
5.22709
10.3813
5.91512
4.9915
5.20861
6.88108
9.31601
5.88967
6.68568
6.42977
8.8969
6.2278
7.74499
5.55536
5.87239
6.38276
7.3091
5.17118
10.9272
7.16997
4.83488
7.96755
9.8355
10.4926
6.75777
6.88012
5.86381
8.13447
7.35518
8.67466
4.88052
6.28011
9.23485
6.13889
7.0864
7.15081
5.07665
9.46304
5.94292
6.70945
5.60284
4.40379
6.37711
6.40531
6.6802
9.72121
4.82082
5.20532
11.0688
5.75712
5.62134
5.52353
6.70385
8.31521
5.7901
8.03459
8.5572
6.31348
9.03095
8.85528
11.3839
4.86053
5.89591
8.0646
7.53594
7.51505
5.38153
6.82219
6.55307
8.46515
5.56203
6.45386
10.5527
6.96806
4.21808
8.42121
5.50705
6.63176
9.43424
6.10525
8.39516
6.44433
5.19036
5.28603
10.1936
4.33134
7.81814
5.30629
6.65465
4.948
6.27848
6.15825
10.4307
6.25883
7.53014
7.08478
5.51878
5.26189
5.2136
8.21283
6.28681
5.59359
7.78804
11.509
5.89252
6.56522
5.36811
8.92889
8.23095
5.51382
9.98657
9.51284
7.3546
4.63114
10.7431
6.05886
10.7186
9.64617
4.82655
11.122
5.6586
6.93855
8.70739
5.8547
10.1936
6.85398
4.67459
5.23918
8.83201
7.22832
5.79409
5.34956
6.08223
8.05932
9.47535
8.97154
5.83226
7.68853
5.47409
5.92245
4.61669
4.62906
6.5609
7.44767
4.32118
5.79819
9.94083
5.62329
6.10424
5.704
7.14452
6.6862
6.84867
5.82567
7.94305
5.08394
7.57701
6.05508
7.07284
8.76047
4.86472
6.22665
5.75562
5.97088
5.20055
5.06618
4.39458
6.26579
5.72182
6.80445
6.08121
6.71757
5.47593
5.46203
4.88096
6.3135
7.79866
6.58093
6.40662
8.71324
7.79381
5.61764
6.28631
6.208
7.35491
10.0008
5.74264
5.40307
5.68737
5.11012
10.8566
7.12163
4.34775
6.04743
10.278
7.4198
6.42988
5.33848
8.19466
6.15465
6.16067
6.13626
7.37993
4.23532
5.30636
6.2696
7.18652
6.39443
5.54676
5.36366
5.46119
6.74991
5.45719
5.77492
7.12256
6.96744
5.93411
5.10337
7.19818
4.60184
8.24084
4.0406
6.15866
4.99769
10.3204
8.37342
7.68275
6.2319
6.78377
10.6356
5.38699
7.61619
7.28463
5.63421
5.98095
6.03425
7.20115
5.668
9.69749
6.99493
8.28385
7.78662
7.17898
10.1886
6.71482
7.23567
9.0611
6.0174
5.26931
7.56941
6.6351
6.45508
4.27152
6.71785
9.54905
5.73027
5.25603
4.86845
6.27376
8.41986
8.13669
8.17935
4.28767
5.12237
5.21165
8.39206
6.69695
7.37792
11.1289
6.73067
6.14401
7.57715
5.95535
6.17342
7.32011
9.91286
7.81229
6.9885
6.27801
6.79102
6.99675
5.952
11.064
11.6258
9.64565
7.04806
7.08637
6.67314
5.12095
5.04857
6.90427
4.67724
6.37907
4.55256
7.59818
9.43567
5.9928
9.31898
7.85349
5.9409
7.71129
4.85683
5.40607
6.17917
6.28649
7.60127
4.16184
8.46081
4.73864
6.57647
7.32092
6.66719
3.20842
4.88987
7.7446
6.01409
6.21379
8.73844
8.73601
6.67317
7.10229
9.08989
5.08789
7.44501
6.83698
8.16845
5.63678
6.9272
5.53194
7.33019
6.56104
8.72669
6.18132
7.1899
5.35809
6.17622
4.57716
4.73182
7.64825
7.01816
7.61124
4.25881
7.12946
6.5113
3.76749
5.77611
7.4821
7.06205
4.75588
7.30518
6.50739
11.6312
6.00497
6.40565
5.91698
6.97907
7.08994
8.29808
5.3449
7.17211
9.48659
5.74874
7.3842
9.95088
5.42149
5.89948
5.67492
5.12925
5.0671
10.0635
7.64911
6.16175
4.43141
5.20946
6.35046
7.82075
8.52804
5.37394
6.75593
7.39247
6.53721
7.50341
6.46892
7.1668
9.48298
10.5605
4.76519
9.01406
9.78277
11.5092
8.91859
9.07732
5.74416
7.22135
6.33315
5.40959
8.78586
5.44653
7.89123
7.46478
9.66004
7.88466
6.70568
9.76356
4.71894
8.98544
6.24834
5.2796
7.32664
6.62614
7.72707
5.32364
6.81819
5.64963
5.07215
10.7233
6.87215
5.68585
6.05302
6.00639
5.92354
10.5426
5.2571
5.31651
6.61253
5.77023
8.58397
4.4085
7.02206
9.66511
12.1056
6.81988
4.50299
8.689
6.12204
5.86469
9.0339
10.2623
6.0098
8.04263
5.60736
4.98473
9.51532
8.72563
10.7664
11.5713
5.43673
10.4296
9.71793
4.86718
5.95924
8.87844
9.85459
5.10788
9.3526
4.83517
5.58341
6.96314
5.14814
6.0159
10.8725
5.09424
4.00879
5.98431
6.52362
6.29837
6.09339
4.3696
7.4415
4.96429
7.94413
5.36917
7.01867
5.1564
5.21851
6.27848
5.81144
6.77888
6.123
8.89319
7.8449
6.11895
6.42004
7.18901
7.23062
5.58206
6.58019
7.89519
11.5281
8.44811
10.7939
5.67272
7.89808
6.01387
8.17101
7.16048
7.0754
8.64147
5.55463
6.22354
6.22619
5.30934
6.17942
7.08459
6.8696
7.49913
5.32814
6.8157
9.70529
6.5149
5.31764
6.4935
4.66118
9.37316
8.27528
6.2738
7.8243
9.62505
7.6806
4.26958
5.13905
4.34762
8.8014
6.14327
5.60269
6.7521
4.26888
7.26925
9.59432
6.23941
8.87824
6.7192
4.79029
5.97602
6.85269
10.4507
6.14628
5.44158
5.29905
6.85253
6.22186
6.43348
6.82028
8.04925
6.4365
4.98506
5.99077
7.39158
5.88707
5.33232
7.51519
5.56701
6.57006
6.88515
7.20611
7.75213
9.38861
8.10487
6.76598
8.89242
8.08223
6.59064
5.6587
6.09253
6.46971
4.96195
6.9717
10.6296
7.23486
5.46034
10.3375
10.4746
7.17517
8.09253
10.2074
9.57996
8.09672
8.43669
8.05493
7.13948
7.22673
7.79533
5.47185
9.56999
9.82554
5.45323
5.44366
6.15127
6.61601
5.1021
6.30258
7.72411
6.31844
4.97314
9.28485
7.47664
8.22915
7.63572
5.63781
6.8952
6.30003
6.56564
8.49
5.23917
5.0805
6.30714
7.62636
5.93527
6.01502
7.99531
5.49733
6.66744
6.41478
4.62763
6.35454
6.49205
4.71133
10.4386
7.13456
4.84733
8.04195
5.78273
7.72549
6.71591
7.57296
6.38594
10.7024
7.3784
7.1181
4.84053
6.04954
6.02585
6.73604
6.13135
6.79607
7.17694
6.98678
4.05713
7.38642
5.28164
8.80549
4.99507
4.95821
7.38766
5.50769
10.2212
5.59253
6.67794
6.40665
4.9889
7.08742
4.58909
6.2773
5.4264
8.79824
8.43225
6.47802
7.32892
6.98536
5.28461
6.26898
10.4449
6.89879
5.8756
7.07977
7.15663
6.48278
6.53637
9.51839
9.99494
9.78996
6.23929
7.36599
6.84262
6.37932
5.44024
9.15799
9.39395
5.52049
6.16649
4.79042
5.40824
5.18386
6.93815
7.59772
5.61079
5.23932
5.40082
6.62425
6.96468
7.06798
5.43324
5.87127
6.21091
5.88441
4.99248
6.71515
5.71211
9.11665
6.02999
6.89722
8.91262
7.60895
7.47203
7.14338
6.68506
5.74043
9.83785
5.33679
6.78597
8.77962
8.7548
5.646
7.15105
5.80337
5.26313
11.0764
6.39266
10.0509
10.3773
6.56765
6.62802
5.83212
6.83928
5.57492
7.26836
9.08813
7.14332
7.25951
7.69518
7.33179
4.62531
9.12218
10.0187
4.96775
6.86421
7.64474
6.9258
7.76794
9.33894
5.67104
8.17815
7.02356
9.30266
7.25032
7.48507
8.126
6.97399
8.56188
7.69735
8.05682
5.24364
8.9888
8.94604
5.51705
6.01839
4.3904
5.68468
10.0969
7.59078
7.03356
6.85812
8.46269
7.0458
6.98052
8.11892
7.80905
4.9254
7.7866
8.05574
4.30161
10.625
7.26816
6.25096
6.07442
6.84888
5.00445
7.47926
6.33892
4.83706
5.0573
6.40565
9.43533
7.14727
9.91802
4.85775
6.2642
5.38743
9.90975
5.82858
4.91215
5.84798
6.94734
9.45996
5.05801
5.63024
7.47138
5.96851
4.3051
7.81062
7.95667
6.89776
12.1426
9.05789
10.0333
10.8743
6.69503
6.19888
5.79467
5.0054
4.44919
4.50101
10.7961
5.4239
10.5351
5.12832
6.79526
6.04304
8.55476
7.51383
5.33395
7.17019
9.59809
6.76353
8.13224
5.63987
5.39262
6.287
6.48697
6.71237
5.28162
6.05829
7.94361
4.11238
5.49636
5.64604
4.91734
5.36531
8.1214
9.89561
6.96073
5.97272
7.11785
6.87144
9.23244
6.53379
8.55078
7.43211
5.939
5.97559
8.35766
6.56429
8.27689
7.21995
7.03239
8.32018
5.40414
7.18179
6.12581
8.09705
5.57633
7.36985
5.69923
9.90864
9.94987
10.5603
7.49326
7.10093
6.32654
5.9702
5.29794
7.49699
5.30581
5.52401
10.3062
9.11773
7.17304
7.58867
10.2733
5.09527
8.22015
7.80603
9.20201
8.0732
5.94583
9.70939
8.38759
8.98254
5.14699
9.45477
6.76046
9.19705
4.583
5.99395
6.55752
6.07247
8.18428
7.17796
5.21416
6.68649
4.59446
7.87591
8.05047
8.42824
11.8049
10.2246
9.81267
6.71158
6.1956
5.92225
8.0997
8.89027
6.84637
7.68259
5.92954
7.46349
6.06658
8.31986
6.09134
5.67974
7.13166
8.98577
9.19541
6.40507
5.26327
6.99729
5.21721
6.63613
7.07876
4.10977
11.4202
6.17297
5.17279
5.28427
6.01052
10.0728
7.85593
5.41053
6.96182
5.59565
4.83423
6.37879
8.79492
6.8246
7.77533
9.60235
7.20207
7.01033
6.90305
5.02003
6.72606
6.73697
7.29414
7.44892
4.40287
6.89049
11.6581
6.39683
7.43954
6.14347
9.13341
5.36833
8.41513
7.7507
6.31272
4.98503
8.9213
5.99634
8.40286
10.6085
7.59956
5.50222
6.99107
9.4681
5.58835
8.63185
5.71418
9.41045
6.4109
7.30994
6.90225
8.01385
4.9048
6.95137
5.03362
6.69771
6.09985
7.08798
6.01943
5.07675
6.47355
7.38214
6.30566
8.15116
6.18046
5.74222
8.37146
7.71539
5.21445
5.22893
7.32536
5.73945
5.35149
6.44559
6.28659
5.38087
8.78896
5.59113
5.28703
7.29135
8.15119
5.24587
6.7835
4.69538
5.85633
8.64165
5.53624
5.11607
9.99049
7.68428
10.9148
5.66582
8.25175
6.48057
6.70429
7.1188
5.30395
9.12328
9.64013
4.93836
7.63225
9.55174
4.81047
5.50006
6.25834
7.05753
6.86655
4.97279
5.46053
5.19706
5.21883
9.95648
6.61836
7.84378
7.68895
5.15497
6.62738
7.42665
10.1835
7.71638
8.29646
9.09528
10.8095
10.2643
5.30975
6.81106
4.45422
8.35814
7.40178
8.21781
4.53398
8.84332
10.4575
6.55898
5.06354
5.47257
5.35817
6.9402
8.83741
5.3942
9.83052
7.64806
4.18512
6.84559
5.27401
7.8155
6.7937
6.80507
6.72065
5.66905
6.25704
5.01513
5.06689
5.44261
11.4044
7.11827
5.66675
6.73379
6.75057
10.7173
8.40905
9.68921
7.10761
5.13683
5.94436
8.91721
6.22456
5.67841
6.65472
5.70269
5.01122
9.54195
8.98617
5.65039
4.93493
8.05638
5.80819
5.53242
5.51312
8.64411
9.49038
10.9263
11.0647
6.89001
3.92929
8.52742
5.28832
7.47021
11.3708
6.65718
5.9667
5.71594
7.50169
7.58972
5.97215
5.64947
6.50149
5.12098
10.0727
5.61529
7.39378
5.41369
8.11967
7.99727
5.84332
6.60289
6.46881
7.51241
8.06523
5.40971
6.59677
6.36429
5.21046
7.78878
5.39706
8.33468
5.73292
6.7696
7.13993
6.23291
6.3803
5.0921
7.94576
5.33185
7.77269
10.8401
5.23103
9.39711
6.28868
8.74476
5.88034
5.4995
7.87
9.49209
8.28997
7.74077
9.27649
5.95245
5.19893
7.59093
5.68452
4.73939
7.48462
6.64901
9.71172
5.60369
8.59037
7.75152
5.91246
6.19366
7.58061
7.33704
5.84081
5.66632
5.68993
6.53286
5.83496
9.56362
4.88879
6.82799
7.16615
5.92105
6.96417
4.89067
9.00797
10.8902
7.33899
7.81437
7.11488
7.27316
5.95652
6.32951
6.99197
7.0599
6.14772
8.044
6.63986
6.04811
5.35711
6.25787
6.84214
5.8362
6.75509
6.5828
7.64251
5.65828
6.88412
5.34924
7.17944
7.43021
7.54816
8.99081
4.9666
10.6254
5.18173
7.56976
6.90658
7.36897
5.05023
10.9647
7.37517
6.85714
5.6141
6.19661
7.3158
8.14505
5.13892
4.43436
7.08572
7.19993
11.9469
7.67441
7.19963
8.55631
8.2646
4.96176
11.2345
5.19421
5.25578
5.25431
8.27792
7.09758
4.9632
4.89645
6.21285
7.11052
5.37917
8.4636
6.73879
8.80004
4.73871
11.0596
5.53093
10.5384
6.52146
6.84844
5.80672
5.62265
6.59574
4.94464
9.021
6.93396
4.74498
7.56299
6.68596
5.4425
6.84939
7.93495
6.02276
6.1001
8.95844
7.99957
5.65485
8.16623
10.6053
6.99573
8.45204
11.4413
10.7878
8.2612
9.27996
5.61041
4.95957
6.55128
10.0063
5.96643
5.20542
5.41559
7.32139
5.12247
6.41332
6.56356
6.81044
7.24085
7.39241
8.09883
8.12032
8.30465
8.02319
6.63441
6.32776
8.0753
9.60079
4.82185
5.4177
5.71403
5.91453
5.7996
4.8669
4.56139
5.10736
5.62176
9.74693
8.21284
4.80042
5.94584
4.96037
7.9158
7.8974
5.60225
10.4551
6.6329
10.6833
4.62602
8.94991
9.5963
9.12501
6.62349
10.2135
6.79171
9.79866
4.84334
6.67048
10.4261
6.13932
9.32123
10.1703
7.58495
7.89276
7.96843
6.88344
6.55928
5.34554
7.57861
5.92333
7.49954
7.14147
5.39108
6.63596
9.12325
6.22212
5.30134
8.04855
5.182
11.1263
7.21079
7.39967
7.90699
6.59798
5.22006
7.96134
5.49965
11.6306
7.37665
7.16386
6.47928
4.98537
8.81344
7.73701
4.96986
6.77894
6.17174
9.64161
6.49845
5.24794
4.45762
7.7361
10.1903
5.87611
7.57322
7.1629
4.9628
4.64527
7.97437
6.67887
7.89485
4.42558
5.79537
8.16879
11.7969
5.21379
6.85702
10.4291
5.31177
7.22931
6.88257
7.89574
8.24945
9.48802
6.76906
6.7551
7.51244
5.35667
6.61743
6.27666
6.36807
6.60745
8.42173
6.68991
4.45638
4.51628
7.87343
6.57179
6.718
5.85171
9.81216
10.0934
7.04945
4.99611
5.45649
8.10584
8.59277
7.40574
7.04188
11.5636
6.02848
9.20331
5.5013
5.59442
8.76117
4.77523
5.08862
5.32775
4.48832
9.73436
8.40801
6.4171
9.48981
8.67569
7.48979
5.24197
6.64779
7.82656
5.6837
5.23011
6.59687
5.3424
9.97955
6.92548
9.41953
4.54127
4.66863
11.9197
9.30635
11.8202
8.19911
5.18319
5.38057
7.63974
10.1829
6.52437
6.44887
5.77832
4.98707
5.03721
5.14818
8.76433
5.54101
5.88286
7.39985
5.51797
6.71431
7.27034
7.16522
7.09287
6.34839
6.39756
6.78347
5.93535
6.03234
6.49796
7.71419
6.55191
5.10586
10.4106
5.32181
6.25594
5.0514
6.5486
8.98771
7.21139
7.71417
5.63782
5.60217
10.1351
5.53065
8.13349
4.65966
6.23816
6.9933
5.41151
7.94934
5.74179
6.41004
5.13839
4.82473
7.29276
4.61801
7.39749
5.40934
7.1017
4.16721
8.47205
5.16143
6.43157
7.31353
5.0463
6.47922
5.60165
6.14135
10.5659
6.54733
7.27096
5.8437
10.007
7.78769
8.80805
9.10062
6.5059
5.28763
11.0729
9.44977
8.85216
6.15902
4.83841
4.93592
5.10887
4.78076
5.54819
4.85871
5.26993
5.26425
6.95529
8.69557
6.73473
7.80551
7.41939
5.10654
6.03052
6.8358
7.9063
6.88502
5.92756
7.82369
6.71051
4.68284
9.98748
5.23194
6.27808
5.65736
7.43178
7.62859
8.63964
6.72462
8.13783
5.48722
4.27907
5.60551
6.94234
6.59666
6.4198
5.18314
7.04116
7.47128
4.71426
7.17931
11.5364
8.16415
5.11284
4.32942
6.43818
6.56841
5.20817
7.04979
8.03495
7.41001
7.00976
5.40621
6.09049
4.03741
7.17008
6.32394
4.35501
7.58979
8.81701
6.20783
5.15712
5.05957
6.20404
8.78295
6.49946
5.40214
4.44591
7.47043
4.8991
7.32962
6.47925
5.12187
5.71648
6.84217
7.26363
6.2719
8.00809
6.46746
6.85966
5.18277
7.34696
10.1947
5.05774
4.44287
5.07626
7.66962
6.58842
6.24731
5.38874
3.62675
5.57725
5.51942
6.69396
4.985
7.21366
5.69306
8.02066
6.89108
8.03702
10.8483
8.22789
6.26145
10.1787
6.77777
4.90667
7.64532
6.17733
9.97468
10.221
6.2632
6.79281
6.62106
8.25281
5.50771
5.29548
7.71933
6.6732
6.58871
9.81043
8.66131
9.98866
6.38198
7.17788
11.8608
9.69005
10.397
6.1343
5.42905
8.87386
6.72345
5.4171
8.79646
7.96468
6.15195
5.34366
8.68121
6.35301
7.96336
10.0432
12.5728
6.47257
6.42228
6.68763
10.3531
8.84687
5.60169
5.18587
5.79215
6.09317
5.76843
6.41426
6.43554
4.97178
7.38292
7.57462
9.11994
5.16313
6.26551
5.42563
7.61816
5.47859
7.99834
8.51451
5.69779
5.36191
7.26297
4.75931
5.75839
4.82043
4.74506
7.25448
7.2435
10.2398
4.98329
9.87185
5.14768
4.92491
6.56548
9.66635
5.22219
6.14643
7.12859
7.0945
8.69712
8.38409
8.52524
8.46589
9.28563
5.62851
7.95926
9.18519
5.70231
5.48276
5.84902
7.70368
5.47977
5.92112
8.6958
5.27418
7.65694
7.72196
10.0146
4.76942
4.82382
5.51045
6.18688
11.0293
6.54584
7.16714
5.56988
6.19071
11.3908
7.74087
4.67385
5.29801
10.8289
7.40722
4.02555
4.65244
7.71211
6.35751
6.26062
7.45569
5.40825
5.55159
5.10754
9.10647
6.84927
10.0437
6.85
6.6886
7.63352
8.07324
6.82906
9.67602
6.26872
5.53071
5.79106
6.03629
7.66503
6.2579
5.95421
5.90495
6.51733
7.11177
5.35096
7.02091
5.20091
6.92982
9.16933
5.15858
9.75049
6.58631
4.99577
6.39678
5.4745
5.09648
11.4212
6.56878
9.35226
4.71572
6.26443
9.84226
8.42991
7.68659
8.05328
4.9351
5.12874
7.41263
8.04631
8.44918
5.69097
9.569
5.98023
9.7095
5.20692
7.00905
6.11092
8.61903
7.78993
5.41472
7.91392
6.27748
4.2302
7.91452
7.88442
6.95638
4.74781
5.04014
11.4813
6.04527
6.66515
5.30032
5.97541
6.48172
6.04154
7.90088
9.17937
8.81932
10.0907
5.03549
6.07611
7.8858
6.06362
11.5291
4.74279
4.77325
5.08221
9.19523
4.62106
10.3449
9.47695
8.80549
10.063
6.5515
4.73649
5.3318
5.06066
4.27409
5.98284
8.01791
5.06394
11.4075
6.18624
4.5473
7.89432
5.07166
6.40075
10.6312
4.54847
5.12681
5.2918
7.40301
8.05487
7.37557
7.90539
8.75693
9.00253
7.72672
5.77253
5.66237
7.86459
5.98459
7.31742
5.97224
7.65777
5.97245
8.16831
5.54902
4.70319
7.4243
5.74836
7.51105
4.66622
7.43072
11.8409
8.37366
4.75639
7.99546
5.6074
5.56858
6.00287
6.0117
7.1795
6.42142
7.43346
6.57035
4.80653
4.24728
6.89655
5.70563
8.22546
8.80202
9.68783
6.50271
4.73022
6.93368
4.66582
4.78658
5.62189
6.61387
8.12653
4.91937
6.34768
6.03549
6.70776
7.42626
6.35683
6.94826
6.39627
6.83851
10.8722
6.20555
7.29453
7.96082
7.02354
7.84172
5.94522
8.09779
5.3919
5.44985
5.66061
9.90958
6.46295
7.13955
5.72771
6.11791
7.15135
7.44845
4.53088
5.68276
6.85483
6.50628
5.80635
6.61668
4.42624
6.02668
7.65109
10.6007
7.84976
7.45542
8.1732
10.9479
6.34566
9.56155
6.60042
6.52742
12.4924
4.67138
7.01053
5.23357
5.55172
6.53075
6.6425
6.62966
6.23218
11.7761
10.7512
7.76175
7.62477
6.29921
4.73924
6.83194
6.64982
5.12319
6.08375
10.8266
5.70693
10.3241
3.85674
7.22449
5.34763
8.357
5.3341
6.72834
7.02561
6.30923
7.59977
6.39877
5.68457
4.94366
4.83364
10.9285
5.6652
7.224
8.41957
9.97423
5.91077
8.16994
4.93496
8.72912
8.30124
7.72141
4.87228
6.19578
11.2996
7.33975
11.7029
7.34615
5.79258
7.21714
7.30603
6.24897
6.97346
7.80035
5.48626
5.12422
8.76876
7.02061
6.26067
6.43544
7.41898
9.94994
7.33215
9.678
10.0872
7.88726
5.81946
10.3591
6.19881
6.37125
5.20701
5.74318
7.1096
10.698
7.31983
6.83278
6.4961
6.52663
5.13434
8.03324
5.28608
5.08924
7.72525
9.57642
5.77802
5.14286
6.10842
6.60417
10.6616
7.4622
6.42539
6.83305
5.38679
8.19671
5.93463
10.22
6.50638
4.95974
6.62918
9.47632
8.97199
10.3382
7.78594
11.0864
7.1189
6.61791
11.2746
5.11611
6.38601
5.38534
6.6743
5.57814
7.48919
8.12941
6.71001
4.53199
8.15262
10.3153
5.25807
5.13401
6.47304
4.94363
5.5777
4.97176
6.25916
6.41876
7.3956
7.38304
5.10522
8.98418
5.85514
5.40195
8.2506
6.8371
5.36803
10.5646
5.06442
10.6272
5.58106
5.57199
6.14173
11.1522
7.05365
5.33027
7.19199
6.53699
4.98665
5.04559
5.99118
6.64998
9.07379
7.70091
7.31255
10.2632
5.83645
6.62281
6.87996
10.3763
5.30157
9.66
5.12426
7.73903
10.36
7.07549
8.25101
8.85033
5.55944
6.76323
9.24679
6.24531
6.95216
5.57484
5.36319
5.54232
10.0897
6.45278
11.0253
11.8629
6.99016
5.7152
6.06242
6.34457
5.43482
6.31168
10.1318
7.70732
4.67809
6.53981
5.50482
5.58707
6.52604
5.12521
6.04451
9.47089
8.59799
9.48224
5.35834
7.74141
6.89541
5.58615
6.89571
7.41725
9.51788
6.13266
6.09813
5.54712
5.11803
7.77674
6.30173
6.69868
6.25419
9.79386
5.97689
6.00363
7.30217
7.80831
7.69944
4.66317
6.43582
4.91812
6.58244
6.10345
7.13404
6.84195
7.57757
7.07101
6.59689
5.00904
6.02659
8.71793
5.48875
7.96873
5.89576
4.85589
7.6023
11.2935
7.1635
9.60524
5.05619
9.0939
9.14811
5.93318
5.04245
4.7829
5.11582
5.88684
6.43344
6.54027
8.31702
7.19492
7.1217
5.415
6.49332
4.97671
10.622
5.77311
7.04016
8.02835
5.43029
7.39383
11.4713
5.44902
5.13685
4.95547
7.40221
6.72655
7.09538
5.52885
10.8242
7.89173
6.8784
8.42666
5.15898
10.3823
6.335
5.71796
8.00684
6.64298
6.67608
6.43163
5.6349
7.23656
7.49712
6.10356
11.9004
7.91029
6.53064
9.07839
7.45712
3.83993
5.9115
7.74415
9.58987
6.40815
5.75058
7.09253
4.39842
6.43294
4.16652
7.07151
6.66536
4.3514
3.79626
6.67485
6.77248
6.06975
10.7965
7.49378
5.55431
5.65715
5.90737
6.76269
5.47064
9.32868
5.40611
4.73981
4.8554
5.52254
6.94527
9.89667
7.19286
5.72297
11.231
9.58304
8.36941
7.84682
4.87729
8.13991
9.56414
9.46186
6.20011
5.32319
5.42544
5.98375
5.9848
5.89704
7.71237
6.41461
5.64631
6.82651
6.46089
7.42901
5.9358
6.97438
7.09542
7.62137
7.10496
6.27509
6.75661
5.59335
5.64965
8.07552
12.1126
5.54128
7.8634
8.85823
4.92188
8.80893
7.6482
7.74417
8.50547
11.3545
5.48059
6.16375
9.5418
8.48385
6.07649
10.5859
8.62666
7.08789
5.97159
6.71101
6.68018
6.86489
7.20188
6.70459
6.88251
5.82566
6.67749
6.14416
10.1852
6.86587
4.49846
5.836
8.39839
7.60161
5.54055
7.2203
11.1493
8.52628
7.36903
7.24249
8.69107
3.98013
6.11479
10.1791
7.1357
4.58183
5.65066
8.02775
9.37413
6.00525
5.18047
6.56008
5.96648
6.38003
5.01396
7.89054
6.83357
4.40943
5.36509
7.36953
6.52935
5.23934
6.68183
9.40438
7.98466
5.44192
6.45373
7.38278
8.6536
8.93542
8.19927
6.1116
5.5295
8.36572
6.2089
7.60588
5.86577
7.20201
5.40007
6.98633
5.21916
5.40963
4.04886
9.82704
10.4098
6.91246
7.91597
6.8712
8.56401
7.79861
5.91784
7.76086
6.79453
5.92193
4.43154
7.05649
6.84569
5.08245
3.94945
5.6946
7.58588
6.39728
5.47747
7.40415
9.5701
5.81539
7.11095
5.76976
6.17755
8.82403
7.78135
5.43976
8.70764
5.8021
6.72973
3.71104
5.02513
9.05576
5.85926
4.96538
5.26291
7.77281
5.51398
6.62098
9.02339
6.47575
6.69149
6.91164
9.23934
6.44375
5.12758
7.0551
5.92208
9.0956
5.38693
4.96207
6.72504
5.10708
3.80671
6.48059
6.26775
7.10172
4.61169
6.44498
6.97917
9.07572
6.6339
9.43666
5.21403
5.49005
8.13759
11.6612
5.82423
6.6979
7.38316
12.0969
10.1184
5.87667
10.5768
10.242
10.8402
6.65736
6.61684
4.94982
6.2969
7.33905
8.07514
8.69558
6.99526
5.38098
6.30557
7.94397
8.54724
6.01142
3.62945
6.76836
6.75245
6.95416
6.5133
5.81753
6.13843
4.54954
9.97169
6.77261
5.77551
4.53912
5.74809
5.14311
10.0543
7.23805
5.66487
5.96444
5.46087
7.71568
8.67682
7.19047
7.70408
4.66662
4.88409
10.0357
6.1842
7.34464
6.52176
7.62998
7.41485
9.50669
7.41644
7.48466
11.293
6.80557
5.01377
7.68295
5.31215
5.29343
5.98346
8.90177
7.7439
7.29636
5.72569
6.55146
9.08
3.51466
7.97961
5.31406
6.06359
7.87771
7.23232
4.882
7.71043
10.1641
4.52809
4.60302
11.0436
5.89544
9.03738
6.43
5.24781
5.43336
5.76366
7.89258
6.92738
7.66921
8.43899
9.07562
6.98775
4.6726
6.50163
7.46774
5.13319
6.99893
5.99752
4.46546
9.96254
8.1996
4.79747
6.4858
7.96532
5.32233
6.88766
6.72243
9.48139
6.45341
6.57502
5.90506
7.13516
8.25492
11.8027
5.06967
7.09337
6.73752
5.64903
6.8042
6.43328
6.43459
6.25332
8.77823
9.36635
7.23949
7.15153
6.65648
5.52034
7.23692
6.24793
7.44155
6.40632
4.99689
6.64001
6.78196
7.03723
7.95549
7.33846
9.16573
6.22118
11.5881
3.8901
6.47863
9.77577
6.56239
8.17465
9.16713
7.88188
8.475
6.29708
8.14155
7.22756
6.47817
6.99626
10.7892
9.62363
6.94722
11.3591
6.4491
6.01386
5.26243
6.26319
5.897
7.81617
7.27871
8.38458
6.93142
10.2606
10.9643
8.00446
8.20949
7.07815
7.65757
9.0853
8.37397
6.64122
5.68139
5.25857
8.55461
5.26044
7.19258
7.23703
5.45494
6.60435
5.58397
5.27864
9.07452
10.3369
6.4831
4.84476
7.6255
4.73269
5.94461
5.43275
5.96584
5.34279
5.95059
8.45508
5.31813
7.49364
7.85866
5.95789
6.1703
5.0817
9.44904
7.67793
9.59732
7.53417
8.24018
5.64744
5.9205
5.17316
10.3607
8.4432
3.82272
8.26941
11.8027
6.7685
10.9023
6.48273
6.35607
7.43382
8.86593
6.60356
7.40188
3.85722
6.4406
10.097
8.02397
7.16528
6.14005
6.34391
9.17474
5.60139
6.78804
7.22314
6.07001
7.84491
7.99568
7.36896
5.79885
5.74596
10.2343
9.62385
5.39114
6.81143
7.37766
10.7102
6.81791
5.36124
9.15341
6.37042
6.67733
6.17532
7.11327
8.77117
9.3885
6.71421
6.5717
5.4772
5.50521
5.90812
5.15832
6.70189
9.40859
11.0229
9.26686
5.28419
8.51887
5.13049
9.52388
4.15434
6.816
5.70989
4.77214
8.00691
9.2821
8.1944
6.8576
7.39546
9.98734
13.1334
9.09555
7.36906
8.10213
8.85655
6.8875
6.83383
6.77664
9.57023
5.14545
5.25991
7.09544
5.42845
4.68501
5.81089
9.67065
4.30857
7.25739
9.98288
9.86215
5.31059
5.16795
7.01892
5.17423
7.72745
7.1848
9.90493
5.21892
9.95878
6.27384
10.3279
6.74748
4.44566
6.86728
6.29106
5.64594
10.1066
7.8119
5.68055
6.39541
7.25033
10.0359
4.42124
6.10483
6.25939
5.50271
6.94125
9.41134
6.79464
6.89926
4.28631
7.79825
6.44886
9.62093
7.86802
7.16675
5.30964
8.14263
6.04421
6.4245
8.25319
6.22364
4.07361
5.71543
4.9663
6.38561
8.95276
6.79699
6.80628
5.90103
9.9008
4.75445
4.36063
9.18113
5.60313
7.18157
5.90324
6.96556
6.0761
9.60374
3.06796
7.15549
6.7904
6.01802
5.39536
7.29954
9.96537
6.42696
5.43243
10.3283
10.569
7.80382
4.8497
6.81043
5.0138
5.56399
6.04322
5.45856
4.63912
8.24941
8.88458
10.1658
9.83455
4.53003
7.30837
5.21232
6.84612
7.12947
6.96891
5.27073
6.91397
7.64282
7.83073
5.95892
5.61021
6.33927
5.78063
8.70436
6.55097
5.78772
6.2915
5.57007
6.05651
7.06624
6.5537
6.63434
5.22581
4.78282
6.08705
7.5509
7.82094
6.9781
8.89312
5.3707
4.00976
6.07042
5.43895
5.5494
6.4171
7.59858
5.87822
7.80235
5.18454
5.00243
10.1027
6.88821
11.7769
8.06938
5.63302
6.5798
6.55894
6.41736
6.40307
6.80788
6.93191
5.20788
5.41626
7.33581
6.17413
6.03907
7.29427
7.79566
4.50291
8.01827
7.50032
4.90432
8.70343
5.1917
10.6171
6.09856
4.35039
5.53333
7.08171
7.80992
7.38077
5.86841
5.54362
5.33517
7.31279
7.9629
7.11431
6.9394
4.90847
9.69716
9.44766
6.94853
9.46811
6.25393
7.13099
7.18444
8.46725
6.19425
6.67842
6.12519
10.5833
6.65689
5.65502
5.04563
7.3405
6.81368
8.85221
4.93362
5.42949
6.5334
4.8489
4.45256
7.97523
6.64695
5.86494
7.28243
9.46751
11.5385
5.96437
7.91679
8.33121
5.38428
10.2574
6.99304
5.42825
5.55887
8.04552
5.73893
5.32229
5.10406
9.73222
7.76393
4.62907
8.86936
4.51736
9.05767
7.06262
4.97152
6.60233
5.5467
5.63649
6.0601
6.16156
5.13505
7.316
7.60248
8.77499
5.63167
7.33405
7.06409
4.93332
6.70091
10.397
5.83097
5.22873
7.45781
6.79212
7.3805
4.83133
6.58624
4.28503
6.83197
7.24313
7.20142
5.0877
5.42262
9.24445
10.8117
5.79705
7.92459
7.53534
9.22492
11.0882
6.91974
6.28805
10.7117
7.64001
5.3399
6.6236
5.46865
7.37753
6.18097
6.57428
8.62366
7.40106
8.53598
4.37391
11.038
4.9722
11.07
6.32886
8.57861
5.19912
8.47085
7.43424
6.68737
6.03164
8.95958
5.20578
5.60315
7.03279
7.86779
7.20377
7.19253
4.73364
5.84257
4.99912
10.348
7.79919
7.23341
10.1349
7.68636
5.06185
7.01945
7.24659
9.69322
3.70212
9.20025
6.74964
7.80303
8.91785
5.26406
5.94555
5.3535
6.49527
8.40032
7.40841
4.96635
4.47932
10.1002
3.76987
4.32313
5.50509
6.32671
6.99127
5.64563
9.6488
6.98826
11.2525
6.58954
6.77612
7.54816
5.86618
8.79056
6.90661
5.88413
5.26297
4.53627
4.28039
4.86671
5.08714
7.13597
8.69634
7.3982
9.32162
7.2322
8.89654
9.95208
6.55467
10.7115
7.30865
3.7574
4.96477
5.25601
6.34944
6.19129
4.42829
5.4657
4.68227
7.14644
5.3213
5.66096
7.38288
5.44837
5.41599
7.56805
7.48466
5.35709
5.62645
5.73218
5.32125
6.46146
5.20661
7.36275
4.58427
6.75719
5.03648
6.50235
4.57271
7.68774
5.76743
5.8739
10.7014
10.2013
8.37084
6.20299
5.97905
6.49719
4.82066
9.35188
7.1889
11.5827
10.7575
6.49796
6.34016
9.6792
6.90959
11.0272
4.6169
7.14475
6.68634
5.27937
5.86813
9.88383
7.32606
4.92765
6.49358
7.3921
5.44812
5.66067
4.96007
7.02664
8.08256
7.588
6.98155
10.6207
5.37313
5.74149
6.07505
5.89662
7.92858
5.74543
8.02101
9.58672
8.21548
3.90874
10.307
11.3734
6.16633
7.86833
5.61561
8.17363
10.6632
7.09385
10.3137
4.90904
8.8762
8.98242
8.47648
9.45488
7.33447
4.74064
6.20238
7.82134
7.09818
8.93273
6.75112
6.03508
7.47606
7.3745
6.33046
8.21918
6.49614
8.32628
6.37193
8.70004
7.80869
4.73372
9.13779
7.63417
6.78586
8.31053
7.71204
6.84688
5.35624
5.62089
8.74249
9.60414
7.19425
7.30754
4.56116
5.50599
5.51571
9.39267
4.67215
5.13687
9.43955
6.09148
6.28841
5.42046
6.31647
4.10402
9.06067
8.06518
5.24309
6.23104
5.95156
5.52181
6.74622
6.37838
7.47512
6.746
6.28898
5.02627
5.11596
7.6163
5.82328
7.27864
6.69681
6.47313
5.4176
7.31963
8.67288
5.83273
6.3342
6.74422
4.99091
5.7102
10.8141
4.97685
4.76064
6.01851
8.5793
4.94377
5.004
6.50758
7.6404
7.9126
10.2933
8.31961
6.84409
9.95661
9.39857
6.58204
5.7245
7.93142
5.91696
9.0226
5.50496
5.51722
9.15536
10.8041
6.80405
7.30625
8.6109
4.7171
7.73393
5.45719
10.1885
6.18582
5.48858
5.92721
5.75947
7.42181
5.09359
7.36201
6.71079
6.49936
8.08152
9.82536
6.59045
5.54165
6.24196
5.23631
10.8807
3.44479
9.73492
6.63581
11.4873
6.7001
8.35154
5.44602
7.64204
5.49611
6.6695
9.10365
9.55697
6.00454
6.04837
5.17843
6.62538
10.0559
6.83122
5.3938
6.57904
5.86772
9.00291
4.95757
7.2679
8.03235
5.90691
8.06993
9.68093
6.66065
7.38706
4.99172
4.42196
7.3269
8.17481
7.38508
6.61078
9.7884
4.57373
7.12749
8.67186
6.98729
9.23421
6.8935
7.88113
7.16164
4.35215
7.36677
6.77205
5.22959
7.91527
6.68828
5.50198
6.97748
7.22871
8.79401
6.2176
7.43029
7.70467
6.26695
4.95492
5.16187
5.67028
8.14785
7.64666
7.97519
7.85121
8.08738
5.41959
7.6251
8.11014
6.02529
7.65642
6.03576
6.52696
7.29734
9.07361
7.083
5.57878
6.70413
4.95979
9.659
9.0125
8.37899
7.18132
6.86027
8.14457
5.01484
4.61735
6.0104
8.25663
5.92628
8.63621
7.11418
7.23636
5.58133
7.57588
6.46712
8.01142
5.12829
5.33321
6.10707
6.57367
8.76238
6.77452
7.51352
8.50509
7.92815
11.3123
6.45481
5.64611
9.25637
4.98152
4.58738
9.71514
7.34462
8.57442
6.71355
6.80054
5.11152
4.91364
7.79612
6.02373
8.81829
6.4403
7.35748
6.44289
6.58997
7.04792
9.12055
6.93646
7.07176
4.80786
6.3149
6.58021
12.0627
6.09709
5.23284
8.98801
7.20071
5.59853
5.90541
7.2369
8.45801
8.43849
9.51816
3.69001
6.12773
7.11791
4.84895
7.25071
7.40404
9.71678
8.6822
6.16989
7.29572
9.18816
9.55983
7.21984
8.96406
8.63591
10.1623
7.34957
5.79511
10.7646
6.6853
7.7005
7.0767
9.43393
6.61893
8.57812
7.40736
8.01011
4.22028
7.84822
5.85993
6.00856
4.69691
5.00546
5.33009
7.15753
7.07863
8.09939
8.60035
5.93756
6.11604
7.50014
8.2464
5.08117
6.60138
7.19129
9.93428
7.022
8.78798
7.00345
8.69245
9.46287
6.95987
9.05258
7.99648
10.3926
8.62819
10.882
5.89052
7.8981
6.8382
7.94428
5.20659
7.93719
6.89726
5.04264
5.9516
5.67067
6.02194
8.74105
4.43882
8.72043
6.20976
6.14389
6.91094
10.1011
6.28981
7.34685
5.88601
4.54527
5.00061
6.28219
8.36687
6.69166
10.6795
8.90693
5.01899
6.08621
5.26165
7.49722
7.60499
5.94786
5.00722
6.29352
5.71421
8.67659
5.74014
5.43974
9.52826
4.60078
5.79898
6.86278
5.17708
8.41972
6.07724
10.9071
6.58584
4.94746
7.66006
3.45765
7.05383
9.08109
7.79099
4.84143
10.2691
7.89918
5.16895
6.13613
6.04877
7.32519
10.6477
4.65401
7.86986
6.37352
7.42011
9.43238
7.19409
7.85063
8.71679
7.7921
7.18508
6.25583
8.01348
5.50972
6.57528
5.26139
7.19791
6.01067
9.54094
7.89528
6.16824
8.44681
8.92689
7.58502
7.78211
7.93774
6.88719
5.55924
4.84779
6.11315
8.03169
8.16676
5.87944
7.74601
5.76497
5.56837
5.74392
6.74216
5.3711
5.25149
10.7398
5.15895
6.62541
10.4728
8.25474
10.526
7.10332
6.80891
6.13033
6.88545
4.91472
6.88895
7.33452
10.3981
6.73883
9.57912
8.47599
5.50203
6.35626
7.14895
5.69975
7.58911
5.14556
6.92984
6.44586
7.62039
7.55962
7.99419
6.6078
6.98073
6.31351
8.98363
6.18253
7.24399
5.79159
7.6974
7.44437
7.53932
6.8587
5.62664
7.13817
6.14453
7.40642
6.03387
7.83141
7.20177
6.15168
6.7397
10.9377
5.78621
6.91815
6.58295
5.26278
9.73064
6.10164
10.0291
8.32658
10.3235
7.27581
6.45197
5.83984
6.13442
5.07615
6.76765
5.67212
6.98566
9.96202
9.64727
5.81596
6.36776
6.71606
5.36752
6.16817
6.48684
8.76952
8.28115
4.75978
5.1299
3.92068
12.5523
8.12921
6.69847
6.96603
9.57746
5.7341
5.19408
4.43446
7.36466
4.93965
9.12546
6.91632
6.32836
9.70676
6.90997
7.64554
7.19479
7.80483
11.0849
5.09542
10.8766
6.89168
6.2952
8.38753
8.65557
5.23831
6.84861
10.4906
5.74836
6.44092
5.9732
5.03334
7.95135
5.4049
5.33778
7.45473
5.25519
5.33674
6.72461
9.74345
6.72251
6.07411
6.29956
5.36813
7.61437
6.11607
6.44843
5.60615
6.72313
5.55514
5.01332
8.14745
7.95269
9.31681
9.44379
6.35929
5.68243
6.3983
5.56248
6.25185
5.85394
9.18171
4.63849
6.25615
5.21903
6.62838
7.16077
4.80816
7.1568
5.02972
6.9893
7.63522
4.52169
7.30439
4.80313
4.91332
6.17358
8.51879
7.0908
7.26495
10.1683
6.51145
6.18142
4.68175
7.28956
5.91633
7.02071
6.71152
5.36642
3.86833
5.8066
7.45099
6.98213
11.5326
9.90014
8.42971
6.29015
10.9547
7.92871
5.94581
9.17346
5.19779
7.92361
6.58484
7.26892
5.95896
5.64295
4.7055
9.87584
7.43347
5.38112
10.729
7.95677
12.4398
8.22735
7.21695
5.04712
7.17925
7.63038
5.85964
5.65339
7.06352
7.92928
6.05169
7.75864
6.88921
5.85101
4.5927
6.17129
7.33907
5.20381
5.36404
5.12978
7.25252
6.52579
6.22299
4.98256
7.20762
5.10269
5.04886
9.52061
7.13704
5.1616
5.62012
6.53727
8.74246
7.48165
6.35242
8.5537
7.39556
9.93997
5.70142
5.89343
5.59627
6.883
9.80036
5.57421
5.72284
10.1643
4.90339
6.6895
7.67613
8.59868
7.45051
6.66868
5.99923
5.46367
8.01363
10.2003
6.44453
6.44107
7.45875
8.66555
7.56752
7.25049
5.92443
6.24467
8.5306
7.15138
6.51468
10.1048
6.89105
7.24229
7.28727
6.31403
4.76159
5.5971
9.20437
6.51023
11.2984
8.44271
5.35248
6.31567
5.70865
7.06723
5.77825
9.77022
6.56123
5.71458
4.82416
6.26315
4.76087
7.2068
4.82889
8.1632
7.54081
7.38122
7.00913
4.67362
8.3669
7.12049
5.50042
7.31935
10.1349
4.9855
6.54527
6.9627
8.25763
6.38638
5.93057
7.6705
5.92529
5.31203
6.13317
7.45432
6.88311
6.17838
10.8146
4.28915
8.34984
6.74645
8.33801
8.18607
5.89134
7.58631
5.33323
7.71625
8.64959
8.0342
5.67371
5.38307
4.73968
5.44065
5.95832
7.71115
6.57861
7.21235
5.53402
6.97726
6.60789
8.16566
7.10521
5.06235
8.2555
4.96489
5.07067
7.5867
6.40572
5.54424
6.75307
4.97011
4.73646
7.14463
7.36925
7.26448
6.20199
9.16672
6.16148
6.30897
5.47819
5.92323
5.1977
4.37465
5.25088
9.93425
7.01245
8.40664
11.07
8.07641
10.4264
9.6049
7.24647
6.61671
6.9236
5.22119
5.80495
5.00865
4.54594
6.51602
4.19374
6.88184
4.70238
8.10012
6.92034
5.1789
5.38753
9.19733
6.16492
6.47297
6.38214
8.22455
6.72281
6.07457
6.5395
5.66354
7.14607
5.72507
8.44796
6.51321
7.17225
8.07804
7.07931
9.05074
7.40381
9.15134
7.43955
6.83299
5.29067
5.22988
4.85432
9.81417
11.2496
6.40019
7.26229
6.97725
6.06183
5.37677
7.06556
4.84498
7.66854
4.39154
5.40571
6.54538
5.56563
7.72923
5.07653
6.7103
5.53799
7.38333
10.9049
9.12036
5.2646
5.42152
6.05996
6.98664
9.01813
5.45653
6.43304
6.75519
6.81431
5.35303
4.54289
5.66402
6.44457
8.38585
7.33135
6.53895
6.93781
8.10162
6.28764
6.93054
6.67314
9.19554
5.49939
6.99973
5.29653
7.42838
6.22223
6.5033
9.05156
7.40938
5.1975
8.05954
9.99684
6.46431
6.2497
5.42819
6.63192
5.39689
7.48601
8.30999
11.1088
4.63283
4.60131
7.51692
6.41669
6.94733
5.11609
10.0482
5.26614
5.1591
11.6527
7.9474
8.48407
7.48812
7.62674
6.51797
6.71373
6.92927
7.76863
5.07764
7.14879
6.32804
8.73297
4.8923
8.42582
5.51662
7.63148
6.69406
5.91275
6.2151
6.24309
11.9191
7.373
6.06132
9.80687
8.69217
9.56701
5.98515
5.94268
6.80185
8.1491
5.28104
5.27984
8.86696
6.86434
7.29868
9.26192
11.5054
6.85502
10.1446
6.53802
5.22996
6.96503
7.98756
11.8787
5.37639
5.89669
5.68156
8.29994
5.15545
6.01414
7.66784
6.8373
6.59429
6.34233
5.243
5.01198
10.5813
7.15475
6.7934
6.41034
6.14283
6.93301
5.34275
8.82643
9.83376
6.1061
5.4953
5.15631
6.53121
8.16429
6.19617
6.55479
4.91077
6.85895
5.37811
5.74361
4.63176
5.17407
4.27089
6.41095
5.85939
9.34309
5.05236
5.15487
6.82201
7.93057
6.44403
6.74665
8.62829
5.58776
6.49775
6.35664
6.48408
9.04374
5.69836
4.42552
5.759
8.42497
7.53125
7.07184
10.0334
7.16731
8.25437
5.20805
6.69432
5.1704
6.66326
7.1197
5.16197
9.09517
4.26864
7.99271
7.0354
4.57267
6.03373
7.75603
8.45826
4.77939
7.9955
6.68481
7.64286
5.06657
7.31079
7.06441
4.95804
6.4813
8.8491
8.08563
5.80641
5.09228
4.71425
4.43237
10.0358
6.31137
6.93343
5.71082
7.19307
9.28633
10.0001
4.95887
6.49223
5.44061
8.72707
5.77485
5.44859
6.66939
6.01229
7.63857
5.41784
8.52869
7.37765
7.10009
7.27226
5.44198
5.5598
6.57655
5.19577
10.9889
6.96809
4.01164
6.25002
6.96103
5.57794
5.6424
6.11483
6.62952
7.775
6.24023
8.17016
8.56121
6.34572
7.64999
6.14458
5.7698
6.38958
5.33142
7.17282
4.47666
4.73458
7.65612
5.52099
7.2001
8.06459
6.37851
7.03985
4.94883
5.24808
5.15954
7.47227
6.94278
6.3912
5.13491
4.99273
6.28464
6.70761
10.3354
5.35203
7.19386
7.04829
7.16545
5.05172
5.62044
7.79638
6.03197
7.7048
8.06991
6.63993
11.2668
10.5234
10.0409
6.12635
9.57193
8.8754
7.6075
10.8611
5.96716
8.50001
6.74576
8.4645
6.11733
8.50722
6.09614
4.76441
7.02084
4.91074
6.2068
10.4467
6.41026
5.32209
9.54986
9.20823
5.94463
8.19104
7.2873
7.24067
5.07451
6.54109
4.72864
7.81154
12.4095
8.47473
7.05374
6.78894
5.2375
4.73438
5.82888
4.852
10.0453
7.10302
5.75087
10.6023
6.4659
8.37135
6.77217
6.05179
6.36547
4.99956
4.66198
4.34041
10.5421
8.01624
10.8343
5.61279
7.51043
4.82239
8.15718
8.6706
7.0311
8.75103
6.48569
7.17864
8.27093
8.52271
8.57398
6.33239
4.11836
6.50877
6.53605
7.24113
7.07921
5.6908
5.85534
8.91597
4.73717
8.72936
5.46654
4.82167
5.3009
5.6567
4.84925
5.4823
5.69905
5.597
7.61902
3.94785
6.61564
5.11398
9.82841
7.26312
8.66779
5.84707
5.66791
7.76149
8.29567
6.16248
9.40609
6.90855
5.48077
5.89288
7.20451
7.32019
6.51691
7.12149
7.80879
10.8273
4.98987
5.51954
7.57585
4.40766
6.09717
6.83254
7.14556
6.42738
6.79504
6.76046
3.99608
7.43094
7.16283
5.51133
6.21246
9.34133
6.6272
6.29391
4.39808
5.29538
10.9195
6.39615
8.16113
4.47665
4.65836
6.59414
8.25825
5.77002
5.47918
9.40537
6.25918
7.40116
6.6737
5.62345
7.33069
5.0664
5.73665
7.69454
9.08354
7.65785
4.8972
4.40623
7.25404
7.8629
7.78629
7.89653
7.26616
8.06734
7.18475
7.7449
7.98704
9.71097
4.84161
6.79066
4.75038
5.83467
6.65931
6.14791
7.37399
8.21572
5.73248
9.35613
7.38864
6.23139
4.85947
6.94008
6.34699
8.40293
5.29109
8.64274
5.21029
7.04789
6.47799
5.63818
10.3063
7.84036
11.0675
5.75094
10.826
6.932
4.81313
4.01433
10.2597
7.90892
9.56359
5.70131
5.40347
6.56845
6.96271
8.93546
6.02851
5.70436
12.4268
6.2429
5.82798
4.8481
7.50078
7.84806
10.6421
9.90278
5.17219
5.75868
6.65263
9.60001
5.30521
11.3862
9.25557
6.86322
8.41407
5.02806
6.70405
6.24903
7.95876
7.12634
6.58355
5.98227
7.21796
5.00535
6.79311
7.42005
4.85371
11.2172
6.03258
4.29703
6.24696
6.28376
5.07295
6.27393
5.52439
4.47083
4.61407
6.23605
8.04308
5.88714
5.95793
5.1306
5.54144
5.83246
9.65887
4.34643
8.7211
6.58388
6.44125
7.88662
6.41927
10.7821
5.12706
6.4919
8.0134
5.00352
6.83913
6.32919
6.55552
7.24132
9.27471
4.52485
11.6011
5.76065
6.27967
5.14934
6.90639
8.33853
6.46983
5.45343
5.69418
7.78979
7.85571
6.59212
6.48208
9.65678
7.98106
9.00679
6.21865
6.46832
4.97782
9.51093
6.98643
7.78894
5.55303
5.00587
5.66825
7.15115
6.34748
5.18526
4.48457
7.26543
6.80066
10.0415
5.64307
6.31877
6.34535
5.23962
7.68198
5.75799
9.01979
4.98845
4.77699
4.62243
5.93012
5.31739
7.36457
6.59769
10.403
7.58421
6.46608
5.39172
4.02702
9.25239
6.09812
8.1625
9.46636
6.4283
10.8159
10.5826
5.30247
7.51447
6.5154
5.08011
7.35107
6.11161
9.74612
7.07495
10.1809
6.59172
4.66798
7.22025
5.85155
9.23755
11.7076
6.71249
4.93312
6.91221
5.36966
7.00225
5.92409
6.31253
8.29638
11.2748
8.89405
7.24123
6.94904
9.21147
5.22528
9.22388
12.2983
7.29376
5.78828
6.23754
7.98368
4.89328
6.94535
4.98736
5.6531
7.27888
5.10816
8.46998
10.6783
9.39473
4.79776
10.8493
8.59291
10.2049
10.0341
5.39765
6.14018
4.47588
5.97123
9.94223
6.64024
5.0028
8.6721
9.99984
13.1178
8.87542
6.62764
7.0746
9.7256
7.75972
6.65494
6.79395
7.52997
8.99764
6.59818
8.52229
8.12658
6.18517
5.55631
9.06254
5.13346
8.77788
8.26632
6.04212
11.3919
10.898
8.6008
5.70785
6.42686
6.66193
4.85027
8.91697
7.89261
7.3074
5.78665
9.91079
5.79483
7.5212
5.33262
5.56409
5.14483
6.33272
5.32359
4.85253
9.01447
6.78605
6.23514
5.25902
6.82239
5.28977
8.16738
6.98044
10.6422
5.4405
5.54998
6.14229
5.50939
5.68195
6.38117
8.69615
10.2172
6.72348
5.2674
7.32768
6.0559
8.26834
6.80493
5.09584
6.81031
9.18043
6.00766
8.29679
6.25392
9.24084
5.31821
4.64437
7.9376
3.91756
8.20063
9.34032
6.49013
6.94889
4.77723
5.55573
7.15549
5.83497
11.1904
5.32531
6.7002
6.11106
5.55887
7.45932
5.22225
4.85965
7.25078
8.43607
5.18467
11.4359
6.96252
7.64863
6.55881
6.80934
6.32766
4.53995
7.99045
5.82096
7.29549
7.82783
6.34832
7.36282
5.4542
11.8001
7.5654
5.29937
7.87308
7.626
8.19279
6.53213
6.99401
7.63788
5.51738
5.1424
6.2115
4.75637
8.24639
6.57739
6.188
6.94255
6.98132
5.64893
6.14517
9.32721
10.5361
6.7704
3.94618
6.92231
5.36448
7.12149
7.36457
7.34582
7.2381
4.53206
7.56289
7.67752
7.68295
9.81699
4.98776
8.51089
7.76481
4.62036
7.03525
5.96889
8.03861
9.24207
5.25889
6.05223
7.48996
10.8513
7.27316
7.31592
8.63092
5.40073
5.17382
5.48384
5.96262
12.0512
6.89787
7.25812
5.52755
12.0615
6.21515
4.46213
6.48063
5.21337
5.54263
6.13495
6.80328
4.2758
5.79233
5.99022
4.35352
6.80793
5.87016
5.75974
5.6068
8.85891
9.77528
8.03958
7.85932
5.0711
4.76986
5.7286
6.70431
6.32332
10.0466
11.2665
6.32623
4.75228
9.60588
6.95017
7.11141
4.17699
7.6736
9.733
5.59146
9.38495
10.9129
9.28111
5.905
7.1585
5.4696
8.04395
7.82653
9.1325
8.33152
7.76749
7.21903
4.9749
6.2978
6.11348
5.93829
6.39233
7.18819
8.218
8.83937
6.77228
4.51491
7.59763
9.99461
4.47628
6.21607
7.04673
7.33623
5.87389
6.93588
4.8878
6.47194
4.8454
7.15369
9.58346
7.83981
5.26421
9.60695
7.11738
8.71968
4.20864
5.77432
8.50123
6.08251
6.73778
7.48171
8.1741
8.28385
6.42202
7.08814
7.41445
8.91886
9.97626
8.17225
4.6455
6.67788
9.85764
7.60009
4.43743
5.50885
6.21571
4.91138
5.22332
8.91916
4.6498
7.29255
7.40399
6.88916
7.41431
6.06737
5.8705
4.14454
11.078
7.59401
7.77296
4.69929
8.07249
10.7472
6.66795
7.0799
9.61165
10.198
5.62286
4.69312
5.2196
6.483
8.34097
5.66942
5.40185
6.0273
5.00151
6.19539
5.54831
6.87193
7.18934
9.76079
4.79449
5.86728
8.78186
4.86814
6.01978
7.89115
6.07571
5.83551
10.268
5.34647
5.25011
6.78762
8.83694
6.9302
7.55078
11.996
11.1509
4.12183
6.10277
6.58559
7.81047
6.63957
8.19593
6.68231
5.96496
10.0766
4.66227
7.08457
5.26803
9.2558
6.44106
7.26268
8.71062
5.88668
10.203
8.24454
6.97562
11.8565
5.6051
4.83043
5.66707
10.6639
4.95736
9.6292
4.74448
5.74628
10.843
10.4149
4.32542
9.5857
5.15934
4.56257
6.92827
7.42253
8.25459
6.01262
4.63079
8.50621
7.51762
5.98824
5.623
7.93252
7.11338
6.78835
7.22696
5.229
6.40878
5.85248
5.53398
6.26832
8.47919
4.92973
4.51902
6.55699
8.16871
6.84293
9.69792
10.0387
5.16444
9.90882
9.58235
7.6653
7.5149
6.72078
4.17052
7.75461
8.25789
4.99733
5.47283
8.84788
6.36822
7.69286
3.94148
5.26696
5.90215
5.71443
8.53492
5.16936
5.8888
8.05313
4.92419
8.87073
4.99116
8.37176
5.14678
10.1835
6.9741
10.0948
9.64741
7.24358
5.4177
5.57354
5.15341
6.40236
8.86036
9.70451
6.85865
5.10749
7.29445
7.48427
6.64648
8.4279
4.12605
5.76098
7.34846
7.88194
6.61507
11.423
7.0875
7.57924
5.17293
7.03413
6.30833
8.26665
5.09625
5.4091
5.13816
8.18342
5.01553
8.74166
11.4261
8.03314
9.87131
8.70767
7.05346
5.43213
6.50479
5.78562
8.25127
8.53139
8.24264
8.02472
6.85505
6.53326
5.17063
7.50577
5.79946
7.36754
6.51591
9.81576
8.27032
7.20717
5.75747
7.12976
5.32195
6.70576
6.10652
5.05229
7.02376
4.63724
10.2454
6.11239
7.09379
10.0653
8.81299
7.56186
7.31508
7.91517
8.47104
5.23735
8.37698
7.00009
6.82629
4.10933
6.61125
4.93882
7.16572
8.27765
6.1831
7.00362
5.45969
6.76533
8.20996
6.25313
10.0238
10.3743
5.58257
9.26331
7.14466
6.75065
5.16663
9.65726
7.25388
6.31202
4.91114
5.58661
5.00652
6.53801
10.1634
7.45281
6.0562
6.47426
7.67679
4.60406
5.41195
6.32763
5.21202
6.93147
6.597
4.59877
10.6224
5.0126
7.50289
7.65757
4.94885
5.32356
10.2369
6.94923
5.95609
8.26361
6.19146
10.1733
5.78945
7.07783
7.10924
9.70735
8.98935
7.07051
6.40534
6.85704
7.14779
10.3108
7.45023
7.57013
6.93124
5.5458
5.38269
6.92497
5.94008
6.21735
7.70179
9.81056
6.51402
7.52286
4.2431
6.59429
7.56161
4.96388
5.90392
10.4104
7.68287
8.40117
8.14099
4.76277
7.02326
11.5362
4.62969
6.04734
8.31287
7.75777
5.05281
7.12101
7.28426
9.2515
9.409
5.35108
4.43778
5.73173
8.69399
10.1358
9.04317
9.46938
8.32156
7.54375
5.51868
6.31261
7.0471
5.70872
10.1002
10.8095
6.97518
7.76337
7.54116
6.29775
7.28803
5.25826
4.66023
7.36378
5.17924
4.52237
8.61334
7.29293
7.52722
5.06895
5.29725
5.21216
6.46402
11.1846
7.39322
7.62672
6.14489
5.50963
7.57035
4.85678
9.64405
5.08141
5.31757
5.61951
8.50327
7.54826
6.294
6.90289
4.5832
8.16463
8.19368
5.11499
8.22203
4.95973
7.21765
8.67491
5.532
6.67637
7.01378
7.30371
10.9074
7.33017
6.65609
8.28442
5.67624
6.1906
6.95237
6.88774
4.63032
6.92709
7.77731
7.59215
7.04421
7.56537
9.2036
6.98102
6.70443
4.72898
5.33999
6.35546
7.21044
4.21947
5.13278
7.26549
5.39496
6.3109
6.22442
5.74593
5.54227
5.80284
6.07507
5.74325
7.50189
4.98664
10.2808
5.7219
5.36625
6.08469
6.60805
9.9223
9.77728
6.22817
5.59926
7.82561
7.01759
7.43483
6.67919
6.40151
6.20481
4.35941
4.62499
6.94696
4.85367
7.25273
8.53299
6.93557
5.04505
6.24277
8.11346
8.22112
7.54141
7.55621
7.54503
6.96396
8.47816
4.46574
9.43026
4.48848
6.02659
9.58197
8.11857
9.87618
5.25793
6.06819
7.32296
6.06609
8.65399
9.92791
9.14926
6.02742
5.54701
7.15889
7.05679
8.44149
7.71905
9.53245
7.00331
9.87992
4.90944
5.79736
6.87703
10.9132
4.88885
5.02344
5.97677
6.93039
5.61083
5.82573
6.01057
8.15
7.0654
5.57004
5.6218
4.92621
6.06984
4.91382
5.66724
5.62768
5.90804
5.58655
7.17238
6.97816
5.76774
6.64403
5.13347
8.11801
9.44387
6.88912
7.46545
10.1828
4.77736
7.58164
9.25185
4.32929
7.40932
5.0174
7.85711
7.74338
5.65919
7.29319
6.08802
7.9609
6.58617
4.39832
10.6404
6.45166
6.52309
8.34261
5.20313
7.58282
7.36867
9.55405
7.12042
6.21941
6.07541
5.9343
10.1374
8.44011
5.8147
5.27773
7.12906
7.3952
6.60884
7.90718
10.1172
6.9857
6.74157
10.7631
5.56738
8.94274
6.99998
6.67648
5.08174
6.57046
8.82119
7.28333
4.84035
4.68966
5.72452
7.51533
6.90553
6.73322
6.78467
7.45404
7.2552
6.37486
5.20366
8.90867
4.50007
8.07865
5.76304
5.26799
4.62421
5.19159
6.60796
6.57125
6.28223
8.42989
6.84061
4.74294
3.97048
5.35605
6.57842
6.31116
8.7995
6.35442
7.30664
8.74596
5.04255
4.99585
5.481
10.2681
6.70657
6.09746
4.57107
7.05092
4.90047
6.64731
10.5761
7.21434
5.39422
6.73399
5.78603
4.87223
7.28818
9.95336
5.18168
6.06652
8.01435
6.2779
9.55867
12.6384
4.9938
7.6217
9.81465
7.86879
5.27213
8.33547
5.32061
5.88662
5.30074
5.98138
5.67363
9.55565
7.44311
8.31011
7.58937
5.47707
10.1938
8.29589
9.64788
9.572
5.78606
5.11222
5.56941
9.65145
9.00774
11.6871
7.39823
6.11273
8.85289
4.943
7.94053
5.58019
5.25145
7.63573
6.3934
4.99091
8.2361
6.82524
8.66867
5.44768
11.2534
8.46241
7.41133
6.14751
6.18289
5.32539
8.70153
4.63105
7.93102
7.3097
5.51689
5.5205
6.66086
6.494
6.85822
4.69058
5.89601
6.41297
7.57341
8.99117
11.3183
5.64893
7.32028
7.45868
5.23401
4.5925
8.20188
6.45778
7.51611
10.3558
7.55937
8.76899
6.88373
7.97677
9.78827
4.96654
9.14239
7.51459
8.01398
5.39254
7.57963
4.91774
7.37777
9.6373
7.08523
11.4549
7.13114
10.5812
5.81791
8.82149
9.91242
6.49747
6.14893
6.36869
11.4623
5.57198
6.89689
4.32877
6.12316
7.12361
4.95064
8.655
8.14364
4.73258
7.31782
5.88304
4.8587
6.36825
4.38784
10.4393
7.95935
7.38385
6.7574
6.8626
6.44039
7.2422
7.87866
6.41905
7.09755
10.5082
8.3629
6.93873
4.61659
9.9703
5.77347
5.5712
5.50696
4.98503
7.1993
5.6993
5.65693
7.00775
9.79625
6.45519
6.078
5.79542
7.81568
8.65047
4.3855
10.7949
5.40635
6.443
10.084
5.93266
4.68625
4.97464
8.34874
7.04136
8.11989
5.41858
5.64218
7.90579
5.97005
8.21193
6.87473
11.2935
5.7891
6.68594
5.35724
11.2905
8.12667
9.13023
7.12848
4.2469
6.70232
4.56789
12.2325
7.37726
5.09063
7.83601
6.26879
10.3104
6.06675
7.08233
5.28956
6.73962
7.98708
5.84753
6.17628
8.06234
10.1694
6.53818
8.13342
9.39717
10.2935
7.88432
7.43826
4.32755
5.40543
11.5119
4.83309
3.58136
6.31565
6.83405
7.23043
7.12281
9.00633
5.79185
10.3789
7.17158
4.24773
6.04837
5.18067
6.12428
5.47034
6.08431
7.77644
9.2721
6.90069
9.15483
11.3232
5.72279
6.57946
6.1897
5.29795
7.01319
5.99189
8.21965
5.65599
3.84005
5.90909
5.85653
7.76172
10.1282
6.85785
7.6358
10.4108
6.53007
7.0054
6.66766
5.4752
5.0691
8.79456
10.184
5.54071
7.59366
5.07135
7.32225
9.91675
5.36113
7.15905
9.64664
10.2191
6.50421
10.2186
5.79151
10.8173
5.0923
9.08852
5.85423
7.84304
7.52353
6.2785
7.48291
9.06194
8.60056
8.52885
9.81708
9.94897
5.03705
6.20304
6.90809
11.9646
7.41747
5.29276
9.70511
5.29259
4.45346
5.8966
6.95751
8.3564
5.27993
9.41374
5.8669
8.2276
4.93098
7.2413
5.33366
9.22425
4.56726
7.49738
8.01434
8.12681
8.49179
5.84614
6.88032
5.33644
7.86343
8.45301
7.28967
9.59095
5.05749
6.33465
8.67692
4.58987
7.89145
4.40671
10.8653
7.9844
6.02567
9.54202
5.70727
7.16491
8.74223
7.31129
10.3309
6.58836
7.21605
6.14714
5.60303
5.6092
6.82849
6.17281
7.15881
6.70539
5.8986
3.90835
6.80412
6.45738
6.16006
4.50257
4.94385
11.1752
5.90083
10.1295
10.7719
10.5367
7.46863
5.80316
5.74046
6.53435
10.9803
6.10639
4.26149
9.08584
5.60704
8.39455
6.30144
8.1954
9.04005
5.71168
7.18128
11.1231
5.58782
4.95525
9.18045
6.15653
7.90005
7.34706
6.56876
5.01391
6.25114
4.59784
10.4801
6.59866
6.53444
4.81476
5.44843
5.46736
7.73135
8.0446
7.0591
4.22742
7.23889
6.51794
7.47486
5.71723
7.51237
6.641
6.11369
9.28237
8.43489
7.22312
6.24675
6.0956
7.81455
4.85399
8.54802
4.97142
5.30339
6.67756
6.78895
6.28297
5.01102
7.17676
9.65121
4.66201
6.10982
5.55963
7.00032
6.36092
7.0142
8.31835
8.2753
5.32197
7.62874
6.092
5.27103
10.5557
6.08127
7.51911
5.50182
4.86529
7.53801
5.19535
9.14163
7.44144
4.62215
4.33571
7.53311
8.57255
7.03625
7.32979
4.42521
10.2794
10.1067
7.70433
6.08922
4.32948
7.02034
8.36411
5.34544
4.9737
6.14288
9.26958
6.27501
5.65617
5.96567
7.79131
8.37806
5.08172
9.61161
4.07327
9.01736
6.70822
8.36394
8.63128
4.05073
7.20817
6.86197
5.15892
7.58488
6.33
5.56198
8.98086
7.2797
10.0087
5.68518
6.97449
5.00436
8.63214
5.08263
7.96681
6.33159
7.06762
7.949
8.99774
7.18333
7.02104
7.19728
5.31544
9.09852
5.01865
7.62288
6.39344
7.14338
5.83342
9.86713
8.34918
6.40812
6.63277
5.45713
5.9389
5.1143
5.04954
5.51826
8.15688
5.86693
6.18006
7.69473
10.7267
7.76182
8.00498
7.24565
4.79386
7.0623
7.0731
6.47602
6.63354
7.14971
7.06085
5.99091
7.49523
9.21297
5.65351
7.49332
4.96529
5.92034
4.93658
4.52968
5.80753
6.66923
9.00185
11.76
5.53159
7.27584
6.14721
5.47017
4.91115
5.66143
5.97564
5.21052
5.85988
5.83435
6.88908
8.21087
6.71148
5.78488
5.08551
7.24169
7.15195
6.64614
6.49937
10.8663
11.0916
7.66154
9.36835
10.4522
9.31515
7.61729
8.03207
9.13442
8.83453
7.66385
7.59376
8.42265
6.57901
7.88414
5.82166
6.90083
8.91715
6.66569
5.62593
6.10545
5.0424
6.86559
9.06899
8.24659
7.7146
5.99337
5.43024
8.52747
5.36971
6.52333
5.98896
6.42665
4.95407
10.9073
7.82842
6.77705
7.34875
6.09907
9.40656
4.50388
6.72142
7.66688
7.71625
6.81101
4.63715
6.53912
6.38612
10.2013
5.67841
7.75009
9.2756
7.66066
7.29361
7.03495
8.23267
8.79251
10.4257
6.67408
6.06704
5.37572
7.94025
7.93219
5.71186
7.11978
5.46595
5.89945
6.80213
7.30328
9.899
6.45395
5.58167
8.94503
7.60687
8.28358
5.48153
9.01236
8.33377
6.37251
7.30941
10.4693
8.57019
7.806
7.57118
7.22283
9.13655
5.37306
10.8905
7.53121
11.0109
5.47647
5.01961
5.02686
6.70187
7.11024
6.45765
5.16321
8.01238
7.63061
7.63053
8.3794
6.62748
4.06538
7.36967
6.6365
7.30685
9.76775
7.35293
5.83275
5.31232
7.95221
8.84484
7.54608
7.5305
5.62683
8.96158
7.64709
8.77664
5.82332
9.03366
5.68691
5.88073
7.34816
4.87987
6.95561
8.59728
6.83168
5.74057
5.1489
7.22077
6.24254
7.47332
6.08084
5.80381
7.43443
6.04296
7.62539
6.1452
5.26936
7.90976
6.84016
5.56799
8.84863
9.8534
6.94453
5.09409
6.49966
7.4783
6.06438
7.28308
9.21633
8.98524
5.14592
6.182
5.26477
6.18262
7.95837
3.75563
6.11615
5.91841
7.50925
7.31273
5.92798
11.6351
5.20954
7.04712
8.90548
4.94867
7.22067
9.11699
5.691
7.39321
5.534
7.69293
10.5442
6.29311
6.36098
5.65753
10.2983
7.52504
6.56977
3.99231
10.6119
9.22818
7.5252
5.06426
5.93904
5.07853
10.2984
9.17528
8.39221
4.56904
6.25228
6.20024
7.18566
7.00894
7.55711
6.9741
5.09451
6.61496
10.3109
6.74973
6.34851
6.62432
5.01278
6.48799
7.70934
5.7013
5.07785
8.51811
5.35753
5.11945
8.16141
6.74212
10.3312
4.86604
6.45501
5.18854
7.69922
6.09021
8.01719
8.30546
3.65865
6.2817
6.54905
9.09247
5.31516
6.60639
5.55628
7.0647
4.96342
8.40265
5.85833
8.57464
4.79571
10.2697
5.11878
5.5329
8.22641
5.44082
11.9105
9.78893
5.44984
7.06075
6.17742
6.10173
5.37963
6.80784
4.60356
6.3377
6.25688
7.40118
5.64311
6.72028
7.70955
6.85164
9.94834
5.43851
7.36461
4.24574
11.3921
7.52514
8.01213
6.1001
8.0623
5.2711
8.78699
9.85797
7.96145
7.54686
9.68399
6.16519
7.13791
6.72445
6.76575
8.12291
5.63984
11.6418
10.4755
6.54595
5.6464
9.53178
5.18768
6.61811
5.44609
8.38925
8.09894
6.31581
7.77594
6.59727
5.80947
9.87851
8.2794
5.73072
5.40834
5.24206
9.79467
5.71509
5.36426
10.7957
7.10723
6.47034
10.1745
7.93565
9.26374
6.47721
6.26625
4.88689
5.07676
6.72806
6.15258
5.47239
9.79788
6.98367
5.92219
7.18147
5.19922
4.98907
5.7801
7.49956
9.48674
4.77784
5.66572
6.87471
5.73693
9.38225
6.57415
6.63038
7.39533
6.33581
7.59975
6.64819
7.81759
5.17022
5.85571
5.30376
8.68398
5.56327
8.13339
7.46543
6.99532
9.45072
8.49661
5.62035
9.55651
9.23498
6.58422
5.02875
6.50081
7.062
4.68417
7.97666
4.94964
7.48999
6.28677
7.67889
8.4877
8.79732
5.64951
5.87756
6.55637
8.53458
6.27894
10.2506
6.54659
5.62396
8.78809
8.02553
6.2437
7.53174
5.10695
4.65058
6.15095
5.75572
10.9477
5.403
7.07622
10.2447
5.51302
5.09494
6.81826
10.7751
7.23713
6.53652
6.22286
6.81149
6.98129
6.00055
4.54476
5.98438
6.49046
6.67617
4.54118
7.05705
5.01487
9.22538
6.7299
8.06779
4.93386
10.6409
4.45624
5.04062
6.82812
11.1897
8.81661
4.87027
7.56677
7.55787
5.7799
5.38005
8.72904
10.4271
6.17491
6.75296
7.03419
7.00031
6.529
5.69692
6.40223
4.79453
6.13312
5.75992
5.61848
6.47454
9.75385
5.17644
8.91811
6.42028
5.66804
6.58512
7.98517
4.59307
9.43353
8.26535
7.18345
5.85576
7.36091
6.18669
9.71056
6.11214
6.09786
5.31918
10.7799
5.50692
5.96768
8.43095
6.85473
8.14142
5.2821
4.87206
6.06851
10.8011
11.4209
6.89827
6.41404
7.98292
4.73006
7.55953
6.75728
8.31266
6.04033
4.86049
5.64958
9.93962
4.12758
3.87028
9.87972
5.74904
6.53359
6.69548
5.51436
9.41827
6.28152
7.56524
9.80206
6.81225
5.50873
6.57412
6.85849
9.05996
4.70518
7.14901
7.00658
6.65867
7.06019
7.92877
7.85821
5.12528
5.03761
5.5077
8.94616
8.67251
6.33871
7.18024
6.47047
5.35819
6.80565
8.68343
9.38626
5.38221
8.9428
4.94366
5.12542
6.91441
6.43861
8.70298
6.48727
8.58153
6.37385
5.63901
5.78066
9.48803
8.81621
5.53763
6.08719
5.78162
5.36765
7.06235
7.08988
7.87142
10.3852
6.74058
5.76037
8.85773
6.026
7.21288
5.74263
5.84381
4.90559
9.38634
10.7583
7.21812
5.20701
6.32304
8.31345
4.34685
7.66686
4.70633
5.81744
8.81808
11.0123
6.65457
8.23977
5.91907
8.70552
6.49439
8.01031
4.51515
6.18592
5.61937
11.6282
5.5873
7.97025
4.83736
7.66706
8.02792
6.8694
4.87105
8.01507
5.53629
5.64968
5.61955
9.9559
10.8333
8.53106
8.25361
8.98109
5.30972
6.6484
6.13437
6.95087
8.07593
8.84636
10.5029
8.48464
7.30102
7.87853
6.86209
5.7309
11.0028
5.74681
6.2326
11.8425
8.39873
7.18387
4.54684
5.41884
7.84391
9.59171
5.5591
6.55085
6.72499
7.63535
7.24612
6.08193
5.88235
11.5873
6.47739
5.72634
6.84328
5.77061
10.481
5.6037
7.35817
7.58496
6.07775
7.10917
6.51968
7.46205
5.04449
6.75875
9.83893
9.0087
6.23964
6.06728
6.34567
7.33651
6.70574
8.76167
6.88489
10.3953
5.27535
7.43755
6.29061
5.82964
5.84362
4.62802
7.03748
11.2553
10.0206
5.07179
6.41514
8.29518
7.80238
6.16534
5.00552
6.9478
8.13484
4.77833
11.8477
9.04799
6.54312
5.36622
5.84977
6.25685
6.8379
5.33763
7.23514
9.55102
6.62052
5.69705
6.23422
5.70925
6.43338
7.5717
4.81534
7.3219
6.52736
6.73159
5.42961
6.55288
5.27295
4.43144
6.00565
5.11198
4.90068
6.44218
8.22887
7.31633
9.61899
10.2667
5.89168
5.19577
11.891
6.79306
7.9004
5.91391
6.37942
7.8781
8.4216
5.63759
8.91036
10.7981
6.92105
7.10524
5.15481
4.60568
7.79595
4.65084
6.9888
5.94295
4.47069
5.99492
5.05144
6.90303
5.73891
6.20791
5.68801
5.02886
4.58394
6.29807
7.11536
5.70286
6.38415
5.62327
6.23175
11.8002
5.40464
8.84301
6.57224
6.21354
8.84152
7.01473
6.30805
4.8389
7.24755
6.99477
8.61276
5.22191
7.4392
6.57502
5.04508
6.0048
5.01226
7.51638
8.24764
7.40345
6.17665
8.26584
10.4244
4.60948
6.98986
6.50328
4.56229
6.05138
8.00434
6.23542
5.16842
6.38018
6.52474
7.41012
5.55402
6.48768
11.0923
6.48837
5.85728
5.30109
8.63111
6.18787
6.68025
4.25168
5.92762
6.60661
10.5424
4.85468
9.26506
8.22824
5.36752
6.97697
8.06035
5.19838
7.4288
5.50293
11.6068
7.24272
9.40061
5.49717
6.53722
7.46949
7.0511
4.04939
9.24408
9.65282
6.65019
7.11767
8.74455
5.96675
5.85783
4.62157
8.3567
8.53237
4.86726
9.05001
6.29442
10.3299
4.71254
5.33586
4.89199
5.67113
9.13841
5.90511
10.1711
7.72206
5.8465
10.6826
7.44156
5.19494
4.68821
6.92529
6.06558
7.02933
8.11268
8.93914
5.9284
4.79022
5.29718
4.83985
8.2763
5.82696
9.8146
8.2643
9.70744
5.28375
4.90314
6.33081
6.56068
4.88174
5.90947
5.84528
10.2727
7.48274
8.68622
5.78069
6.71759
7.17306
10.5035
8.33046
5.79097
5.4587
6.81953
5.7595
6.41144
9.56541
8.26898
7.83305
6.96449
5.7423
6.74712
5.17473
4.96854
5.28381
9.04659
8.63545
11.9612
10.542
6.88009
5.03487
8.06377
9.8446
6.60384
6.90215
5.11804
5.63393
7.9554
5.47173
6.4867
7.9759
10.2742
6.26096
4.77922
7.77448
7.28857
11.7603
6.82524
10.119
4.85878
7.46672
7.09734
6.92294
6.40315
6.29715
5.25086
6.28008
11.8004
5.37245
4.06676
7.42577
4.42912
10.8338
5.34699
5.38193
8.30244
5.08342
9.88302
6.68748
5.92451
5.85435
7.22707
9.00732
6.60695
4.6909
7.85703
11.1733
9.24656
6.83956
6.35276
7.64581
5.50989
4.79424
6.4138
6.28658
4.65549
5.53733
6.18481
4.8763
8.61688
5.13098
7.56618
7.55977
6.93666
10.172
7.65143
5.71624
5.60119
5.66753
5.75021
6.82405
7.10334
8.02385
7.50486
5.62451
8.19315
7.84381
6.01353
6.56821
6.17787
10.8418
11.0388
5.16254
10.3507
6.78689
5.97479
6.41777
6.29042
4.99645
6.66411
7.53912
4.68415
7.62828
6.65084
7.11344
9.735
7.89634
4.93635
8.02275
9.79402
4.57985
8.80231
6.86945
5.56456
7.8005
8.02088
5.9221
5.44675
6.97703
6.95258
6.17045
5.05923
5.88646
7.07889
5.87735
7.1407
8.42114
5.20551
6.21443
9.64573
8.01941
7.40285
6.71145
5.34757
4.78532
6.08151
5.65348
7.13867
5.41389
6.03604
7.40961
5.73445
7.32085
6.39228
3.43399
8.57933
10.8166
7.509
4.89952
6.69773
5.66738
5.10591
6.38613
8.83212
7.04774
6.28425
6.73796
6.60485
9.2482
8.19287
9.98321
7.55908
7.62846
5.93637
6.50911
8.24507
9.5435
5.94326
6.83385
4.69338
7.15255
4.37058
7.02862
4.83508
6.28711
5.13506
10.0594
10.6091
6.26744
5.52212
6.49229
7.00728
5.918
6.72489
10.9364
5.70615
8.74054
7.75481
4.66977
6.55878
4.58077
6.63694
9.15905
5.56024
7.15972
9.72751
7.85024
7.73704
5.28072
5.83399
8.02839
5.92397
8.36415
7.55137
8.30711
6.15702
5.53873
8.80111
7.04004
5.4478
9.53614
7.10579
7.25653
6.25004
8.64926
5.39259
9.12787
5.44158
5.45259
9.92339
5.73184
6.83608
6.76954
7.93081
6.10309
7.82347
5.1133
8.38329
6.57508
10.5539
5.74791
6.6452
7.1969
7.7108
4.52724
8.31638
5.71531
6.49321
10.2982
7.80518
9.64565
7.76359
6.72821
4.83193
7.13628
11.4183
6.86612
6.40595
6.02416
4.71604
7.57608
7.78681
8.53616
7.97838
5.6325
5.34617
5.51728
6.58362
7.20496
5.05774
6.77589
7.73489
6.2257
5.60854
7.9469
7.06329
7.25252
3.63763
10.1551
6.83666
5.05886
5.80494
6.84212
6.00733
9.06595
6.49401
6.9696
9.3174
6.74053
5.41642
7.3958
7.40459
4.77507
5.89574
10.1488
7.78557
7.7867
7.00945
5.32299
6.52684
6.51309
6.25778
6.80051
6.00649
3.84751
7.41691
4.52049
6.20399
6.84116
4.9846
6.58787
7.63066
6.09874
5.04298
5.90713
5.52342
9.02835
6.26506
5.46809
5.83062
5.89148
9.47376
6.05177
7.47128
9.95067
4.53834
6.07602
5.67291
5.37293
5.40118
4.40086
8.61019
9.21483
7.80023
9.26924
3.92053
4.43081
6.96413
6.12543
7.58896
6.58355
7.78978
9.05969
4.69286
5.28031
6.31517
5.33164
6.23247
7.93611
5.64306
6.37982
7.38094
8.60769
5.96536
7.91491
9.33629
6.50894
7.31347
7.90112
5.57803
6.95078
10.6144
5.31158
9.85576
6.65803
5.27257
5.12189
6.71837
5.4167
7.65484
6.37142
6.86405
6.6618
9.86101
6.55169
7.55668
6.62147
6.76942
5.18184
7.26897
6.97398
7.53944
10.7212
9.1346
5.62485
5.5337
5.68671
5.14221
6.76187
9.67657
5.28128
8.34365
6.75922
5.53955
7.71451
9.37562
6.20466
5.57884
8.13359
7.23956
10.3288
7.80681
7.8414
6.6452
5.12823
9.93465
9.22529
7.79261
6.99512
9.09769
5.5318
10.6287
4.05787
9.51916
4.69272
6.69173
9.15775
8.69732
5.08993
5.07189
7.34935
7.4218
10.8801
7.86403
8.31457
7.81844
6.04412
5.08171
7.37952
6.91631
5.90913
4.90133
4.95308
5.52684
5.11968
7.6065
6.98837
7.65979
5.33217
7.06167
8.44957
6.17214
6.39226
7.48452
6.08148
8.46328
7.03463
8.52361
4.69681
5.61624
7.97675
7.05216
9.45369
8.00294
8.255
8.09694
11.0801
5.05898
5.43453
6.54401
6.07831
6.74544
6.08218
8.22246
9.05646
7.86762
7.9227
10.8841
6.02252
8.24933
8.44758
7.3431
8.33159
6.324
6.91143
8.02029
5.81196
9.6934
10.2039
5.04373
6.90191
7.99077
6.80132
10.6822
6.05646
6.69352
5.30373
5.13309
5.12562
6.55046
7.59139
6.52293
7.22791
7.40766
5.80252
7.1961
4.85884
8.07372
9.88963
11.2899
7.08865
4.06023
6.5745
10.0723
9.18616
10.3001
5.46055
7.90813
9.63357
9.26823
8.54773
5.36795
6.12816
5.47877
10.1205
6.88822
8.76574
7.5914
9.93146
5.47453
7.97464
5.81022
6.14274
8.5641
4.62511
5.85609
6.32582
7.82473
6.76196
5.65762
7.09078
6.825
5.99011
7.6775
7.17969
5.53165
6.2364
5.48683
6.66667
6.48779
9.83865
5.24112
7.5831
7.50393
9.04576
8.52446
10.5503
7.07113
4.66427
9.40083
5.85253
6.28966
6.0608
8.41633
6.26989
9.01072
10.0425
5.13968
8.56532
4.98487
5.22064
6.76892
5.8885
7.89834
4.69583
6.89273
7.79309
10.6492
7.26942
9.06197
8.11211
6.42442
8.2927
5.12231
6.33527
9.6936
6.63733
7.89021
5.92824
5.40298
6.2981
9.79797
7.16737
7.27061
6.00734
5.43302
7.34652
5.33072
4.06817
4.2461
5.5924
10.7513
9.82111
7.9595
7.58018
9.57337
6.44372
5.47538
9.27636
7.42518
6.78136
6.24568
5.58396
5.96556
6.00429
5.25362
5.07658
6.09121
9.72089
5.07354
5.09761
5.23422
5.57185
7.89189
7.68364
8.05167
4.77508
8.68445
10.8849
6.02954
7.03262
5.90251
7.25183
11.9043
5.53156
6.61661
6.65807
6.06396
7.80461
5.92266
7.6746
6.25786
5.94394
6.20104
5.36287
10.3493
5.94488
5.47162
9.92275
7.52226
8.21543
4.70918
9.91044
8.0031
7.37766
5.3884
5.55128
8.85184
10.0141
9.3923
4.69032
7.08057
5.26793
7.68058
6.27917
5.17506
7.17729
8.93953
6.50475
5.70611
6.26284
5.24355
6.21295
4.86051
8.99576
11.4229
5.43321
7.16479
4.95113
5.28314
9.52945
4.7075
6.62852
11.1042
7.13115
8.03662
7.98723
5.24793
9.67089
5.98276
9.09984
4.89137
5.85959
6.00614
5.77959
7.46777
10.0887
6.78541
5.90611
5.83971
5.52735
9.27476
11.13
9.299
7.51076
6.72206
4.75529
9.46544
7.12299
4.87455
8.34243
6.94492
7.66169
5.07516
6.36679
8.41638
7.97414
7.23219
6.19245
9.3548
5.3896
7.79464
6.91268
4.16745
7.14803
8.69748
10.0969
6.37155
8.01905
8.56697
6.70739
5.31389
6.03289
12.3502
7.74799
6.07482
6.97109
8.01409
5.4186
7.09108
8.07927
7.97567
10.1161
7.64211
5.97295
6.64518
9.93096
4.41755
8.02028
5.91243
7.06308
6.48589
6.50652
5.74179
6.81444
8.70007
8.24129
7.41035
7.97915
8.25407
9.7771
6.31988
4.63196
6.47374
6.23643
4.19553
4.58098
10.6447
6.34378
8.72385
7.7846
10.3519
5.09309
7.28024
7.06725
4.98463
5.96954
9.37574
5.42831
9.40629
5.05959
6.4245
8.89409
10.0577
7.16294
7.84172
7.25027
12.2975
4.15541
5.53935
10.7126
9.13692
10.3547
5.48521
6.96057
5.12971
8.11292
7.13294
7.38739
5.96595
4.98972
6.13346
10.7159
8.47607
9.22951
7.39023
8.93336
5.69955
7.82925
7.50114
9.10818
8.30805
10.5502
10.5216
5.06162
6.77817
5.25068
7.11767
7.71236
5.47275
6.98344
5.18775
5.22704
7.80531
7.24153
5.58876
5.72259
6.97558
7.45633
5.81901
5.22774
7.171
8.0117
10.4279
6.09757
8.03871
6.24355
7.82594
7.13634
4.87498
10.7933
7.59767
6.54297
6.76311
7.16894
6.20805
8.85781
9.5049
4.82366
6.55981
7.7563
6.41933
7.28726
4.48118
6.57066
8.23223
4.62966
6.75644
6.51897
7.3589
5.42951
4.96243
5.40382
4.67418
6.65298
7.61681
7.26048
6.47144
8.4937
5.35804
5.4997
4.56451
10.7108
5.67546
5.12863
6.36525
9.18105
6.95304
5.30675
8.01736
5.1667
4.80775
5.29756
5.99911
6.63424
9.77985
7.634
5.21474
6.75455
4.06511
6.65831
7.88725
4.59882
4.69875
9.47893
4.51112
10.3114
6.47414
8.16982
6.80439
9.96619
8.1977
6.19937
6.93059
6.60069
6.48463
6.12114
4.95057
6.67726
5.60984
5.05169
9.99733
6.05828
6.95291
4.67752
11.5264
9.90336
7.84775
6.43386
5.74305
6.68161
6.13395
8.98139
5.39175
9.72653
5.52049
8.04186
9.40826
7.81899
9.86518
6.41233
6.22797
5.07948
7.2956
6.60946
9.76859
6.06266
5.64648
7.47876
10.0992
6.66175
5.71257
6.98898
6.92152
5.37163
5.75128
6.9694
9.78466
9.11704
9.27831
5.18212
5.76073
5.23961
4.45286
8.05907
4.69549
4.89104
4.88599
6.29026
5.39624
6.65268
5.93489
6.10717
5.65704
4.95248
5.45807
8.14514
6.53287
7.27895
5.52543
6.39257
6.49038
6.21209
6.95694
9.17747
12.1316
10.5268
8.36575
8.50929
6.10667
8.27262
6.39631
6.98243
11.0167
6.72669
10.651
8.59501
6.83316
4.92635
6.16281
9.96798
7.93579
7.74531
4.74565
5.35803
5.11467
5.27016
5.80622
9.49574
6.29431
7.71428
6.36958
8.22964
8.63909
5.12187
8.24555
10.9102
7.17345
11.029
5.69652
7.48433
7.44326
6.68268
10.9618
7.25203
7.25442
7.35907
6.66855
7.06608
12.2699
4.64508
5.4853
8.99944
6.17035
5.79824
8.69329
9.2685
7.16572
6.93824
7.45633
6.72648
5.37133
5.54315
7.90823
5.00094
8.93
10.6464
7.00763
8.70248
4.91086
6.81888
8.34639
6.77829
5.30303
10.3591
3.80049
5.14038
10.1134
7.52221
5.93958
6.38667
4.73401
7.43376
6.5288
6.45326
4.79893
10.5889
5.39242
7.07926
9.55992
7.67148
6.52036
7.19199
7.62463
4.91024
6.39723
10.9065
7.13243
10.611
9.19208
6.27435
7.8401
6.65949
11.5508
6.76759
5.54429
5.50878
6.43377
6.10647
6.19745
6.52609
7.33651
4.97519
5.28568
6.13811
6.56858
4.84389
5.19031
4.54795
6.62248
5.577
7.20724
5.94424
7.21245
10.8003
7.82021
7.20301
4.96122
7.97964
8.70321
8.46765
5.99358
6.95424
5.84192
6.50749
5.31912
6.26979
5.63568
7.65426
5.16031
6.05465
9.34586
7.79676
5.27339
8.57757
5.16674
5.67322
6.79649
10.0634
5.97612
9.45276
9.83606
5.80978
5.35626
8.69588
6.02856
6.44315
7.81573
7.09691
8.05769
7.55589
6.13936
4.82419
5.5187
9.45398
7.4804
6.26316
7.07392
7.94172
5.40765
8.81991
5.43418
5.63135
6.65197
5.75292
5.09289
6.79047
6.91863
5.31317
5.9316
9.4642
7.15817
6.37252
6.42376
6.76462
10.1562
7.12918
5.76681
8.20717
6.49101
6.26498
7.44842
9.07934
7.43243
7.05529
5.39361
6.95541
5.42484
5.55352
5.21317
7.44716
3.49493
6.7887
5.29789
6.02569
6.56333
6.36204
5.62975
5.46856
5.10414
6.69836
6.07028
7.08259
5.89529
7.58346
5.78758
7.15812
5.90204
7.81019
9.76469
7.51096
10.4392
6.18108
5.59839
7.28299
6.71837
7.99367
6.46605
7.76327
4.77586
6.18363
5.15695
9.84478
5.61321
6.48409
6.6026
4.98735
4.91958
6.0394
8.3817
9.77386
6.36174
5.0666
7.17015
6.25106
5.79961
9.75044
7.10614
6.61202
7.57061
4.20858
5.6405
5.71617
5.95257
11.6529
6.88609
5.87704
7.57207
8.49644
7.25171
4.45414
9.29481
7.42177
9.27987
7.93784
8.7684
7.11388
4.75104
6.10259
7.56023
6.02393
6.69664
7.48271
5.63981
9.10014
6.37804
8.29917
5.47282
8.96065
7.24301
6.26685
7.00572
6.85166
7.57931
4.79642
6.68868
7.20211
10.3531
7.17453
9.73324
6.28148
5.58963
7.7047
7.96537
10.3973
6.54072
6.46555
5.20225
4.59563
5.58263
4.3472
7.57648
4.98117
9.98088
6.83669
6.69535
7.06341
7.00333
8.57055
5.03098
5.70574
6.02388
6.03005
7.37605
8.72227
5.37545
7.73842
5.914
5.02095
5.06256
5.41614
6.39304
4.76589
5.75073
5.12537
3.8612
7.29452
6.67967
5.19829
7.21738
7.94467
6.42649
8.32429
8.44079
6.22424
5.38181
6.00619
7.77748
5.31772
6.97093
9.50076
6.44382
5.9235
7.12288
5.01777
7.23596
7.05066
5.98729
5.62536
6.46667
10.4799
8.34027
5.69665
5.21691
4.4808
6.57408
6.70557
10.4399
6.19096
7.36156
5.2571
6.29178
4.6739
5.84154
6.24598
9.20897
7.30895
6.24392
5.17608
5.1935
5.11365
5.20021
5.63762
5.33341
3.79415
6.50558
5.63567
4.42162
7.38416
8.60737
6.63765
9.14928
7.72945
5.08428
6.20161
5.14047
6.95957
6.10515
6.25104
10.0728
8.38253
6.18699
6.7392
5.10678
4.94993
11.1908
7.16157
7.05296
6.15288
9.35357
6.89085
8.60877
5.15284
5.1709
6.96568
5.58703
5.48311
6.83098
5.96807
5.74335
9.30102
5.48255
6.51958
5.04996
6.66687
7.6237
6.57656
7.50267
7.36722
10.4404
5.22716
10.9173
5.45192
9.1218
6.79021
9.45521
4.68439
7.3013
7.36053
4.94294
8.39341
5.12641
5.94256
6.90956
7.90574
6.74096
4.25335
6.54982
9.04126
6.79228
9.33321
6.85818
8.84716
4.44255
5.36654
7.39595
5.22242
6.10194
7.28318
5.17725
5.21183
6.29206
6.65614
7.65841
3.53119
6.44748
8.39061
4.58873
6.51902
6.77287
9.93919
7.25477
5.9453
4.70606
6.41266
6.02422
7.3073
6.71047
5.82445
7.21965
7.70962
5.87334
6.48323
5.43645
6.88348
6.38118
6.07545
6.36503
9.01854
6.21251
6.00255
4.8363
8.18326
8.07871
6.63979
6.60163
4.41374
9.32288
7.39253
5.13837
7.75509
4.79387
8.82772
5.77787
4.68007
9.37064
9.57302
5.0691
5.57072
8.52191
5.45665
6.80393
9.19525
6.43182
7.3359
7.21774
6.5213
11.69
9.8248
4.89945
7.96234
6.2468
5.16312
6.90952
6.62287
7.17944
6.39133
6.47167
10.1206
5.46855
6.97031
6.16957
6.36142
7.52558
6.96085
7.37439
5.464
7.19701
9.60437
6.91329
10.098
6.85325
7.44947
6.73058
5.33528
5.10759
9.21651
6.98764
5.05886
4.69221
5.03356
7.82716
8.65373
9.9673
6.42707
6.77983
6.77956
6.09535
5.0758
7.71513
9.32692
5.11859
9.47564
5.20028
10.5843
7.83678
5.29836
8.29444
8.83544
6.78293
7.21931
4.69485
6.33061
7.02965
6.31496
5.90444
6.17028
6.84304
6.41044
8.89807
5.88793
7.11882
4.20166
6.72421
11.4213
4.90911
7.88136
10.3085
4.23183
6.83292
6.57229
9.13832
8.41719
5.2612
6.2006
8.62171
7.48084
7.42132
5.6783
5.77145
11.1376
7.83413
5.90549
6.66875
5.39675
5.01675
5.55016
7.91929
4.55337
5.69311
6.6821
7.77151
8.13692
7.52025
7.17167
4.39379
5.42041
6.08145
4.51105
5.33083
6.72586
5.38862
5.15123
8.026
6.28042
7.61701
6.19588
9.39664
5.9102
7.20804
7.10355
7.97763
11.0641
8.69621
5.67806
5.19527
5.71766
8.41228
6.29122
6.70678
5.28879
7.42724
8.9816
5.85119
7.30674
5.62411
6.94978
4.23182
6.44604
10.8521
4.86768
6.28852
4.34974
4.34519
6.8188
6.7691
4.69746
7.64246
7.9459
4.85916
6.82493
5.20869
7.63561
4.6684
5.94185
8.3162
7.31711
6.20547
8.37899
5.47274
6.79267
5.2531
4.68002
5.4293
5.50211
8.35678
7.14162
7.07467
10.5402
5.41078
8.70955
9.25373
7.17218
7.56474
8.35658
11.4538
5.48042
7.84439
10.4466
9.54226
6.34924
4.49674
6.19607
9.78567
5.42473
5.09922
4.75449
6.4368
11.0115
4.26471
7.55942
5.92858
7.66171
5.23128
8.41185
11.0628
5.41718
7.52033
6.00501
6.5727
6.68265
4.68326
6.40662
6.36103
8.94956
7.1917
6.77694
9.68768
7.6575
5.02365
6.61303
5.53534
6.79854
7.79783
8.74393
6.83589
4.88036
10.5404
5.44637
7.11645
6.80252
6.7002
6.4321
7.17739
9.18618
7.6434
6.01064
7.34919
5.94315
6.0297
7.65465
5.62377
5.77217
4.8029
11.0817
6.80234
5.17062
5.91433
7.89906
5.61718
7.38169
7.65445
6.23844
10.1012
8.42406
10.4234
5.75137
9.6968
4.96511
5.83255
5.29736
5.67789
7.18812
7.13366
6.83697
11.3488
5.53244
7.76963
7.13838
7.56652
5.41452
6.21255
5.13989
7.00213
6.76019
6.8675
7.37555
5.90148
6.24255
7.8165
9.82027
7.43692
4.43865
7.08817
4.682
6.19253
4.1897
6.3126
7.72991
5.46068
10.0769
7.4664
7.65188
7.02042
6.04276
5.49141
8.47574
7.89518
8.52997
6.29664
6.39164
7.05415
7.45438
5.1579
4.42203
7.87219
7.44458
5.63005
7.75486
6.65368
6.35585
7.41952
6.88061
6.73145
6.54261
5.94611
5.47401
10.2685
7.37742
5.43118
5.66528
4.91185
4.8467
5.05259
6.99394
8.52488
4.65188
8.00353
6.23545
7.0444
6.74007
5.72458
5.22329
7.63272
4.71676
5.75055
5.57195
7.06695
11.5959
7.11868
6.58374
7.48416
6.52333
7.96567
7.40248
5.08111
5.39142
6.20096
7.45436
6.44709
6.60239
7.61933
7.89759
7.93953
5.40011
6.55751
5.64067
7.28123
6.25508
6.98301
6.46892
9.47402
6.4851
5.933
10.2331
5.00423
6.67697
10.188
7.21143
7.05035
6.84559
5.57933
9.72493
5.84403
4.25634
6.49784
6.85163
7.83918
6.29819
5.52363
4.56564
8.40057
7.75269
5.49855
5.25921
7.41521
6.68045
5.39461
6.43244
7.23449
6.05988
6.21746
6.32075
8.84683
7.64893
8.30957
7.59726
5.62862
5.6381
8.26959
8.37246
4.77316
6.13268
8.43088
4.3175
4.13467
5.08128
8.34382
6.99999
7.62491
8.99447
3.83392
11.0672
7.11951
6.16129
8.83848
8.55611
7.03491
8.65877
6.0085
6.43544
4.72057
7.58027
7.44941
4.25413
6.09091
8.458
6.24478
7.24922
6.0692
6.78035
8.08374
8.39214
5.41472
6.47595
11.709
8.77992
5.02244
7.61971
6.10087
4.79154
6.65172
7.62254
5.32845
6.0439
6.62669
11.3329
7.80988
7.91398
4.10154
5.53118
7.05704
6.7047
8.37115
5.22302
5.29493
8.33412
4.45913
7.30679
4.36217
5.6158
5.84531
5.26667
6.97144
6.12993
4.82604
6.09069
7.36443
11.1685
8.2918
7.07387
10.6161
5.06787
5.20617
7.04988
6.55496
5.33749
5.2176
6.98588
4.95855
5.30005
5.31529
8.40433
7.17729
7.6615
10.085
5.05678
6.21011
6.35713
5.51383
10.1197
5.94796
7.21173
9.36647
5.4248
6.41447
5.796
11.6871
9.52693
7.48177
10.6845
6.7584
5.40611
10.7325
6.54832
6.43443
5.7813
8.02587
6.41068
7.00861
4.73837
6.40699
5.34855
5.75783
6.6886
7.7651
5.88482
4.5438
10.0975
5.05893
7.38079
4.89738
6.13111
5.68136
9.95919
6.63271
8.16999
5.62696
7.26359
7.02204
6.09856
5.77684
7.93049
7.94269
4.43946
10.0039
5.67563
6.82158
10.7969
4.53008
7.9552
5.10344
7.57187
5.87725
8.60594
10.6665
7.10094
7.76499
4.93138
9.97747
4.55649
5.89269
7.59418
4.23528
7.34259
8.4868
6.07851
6.9987
5.46563
9.49875
8.37095
7.6825
5.47293
7.85817
6.5432
8.80083
7.39449
6.13636
9.11263
6.84771
8.98997
7.63542
5.28447
5.33056
5.34698
7.03281
7.52897
8.31961
5.52572
5.1555
4.72202
11.143
7.72083
5.01173
8.39573
5.83577
6.66117
5.88003
6.55158
5.9604
5.01754
5.22126
6.0333
4.93751
7.15907
5.00113
7.00674
8.25127
8.78306
4.9527
5.22316
6.64246
4.40775
7.04506
7.28767
6.10397
6.67485
5.15161
7.30852
10.9752
5.27156
6.90122
7.78495
5.67129
6.48303
9.5738
6.15496
11.5186
6.43843
10.5977
5.30824
5.04399
8.74046
9.81135
8.44183
7.1977
5.35215
9.53554
6.42588
6.33889
9.23721
7.19073
11.6045
7.39008
4.69513
7.90543
3.87327
4.58242
6.537
5.24282
6.5871
7.71176
5.11767
6.85441
7.75589
5.039
8.19955
5.41131
5.71897
6.41648
6.68926
7.14859
6.53266
6.28099
7.72731
7.47407
4.90468
5.67435
6.45094
11.5569
4.65464
5.1237
9.76426
6.93557
4.67377
11.7741
6.9422
7.78447
6.58448
9.46022
7.05751
7.42918
7.42783
6.41825
6.28322
5.31008
9.10894
7.64194
6.32382
8.34659
6.30146
5.12983
5.90069
4.8242
7.40672
9.93942
7.26979
7.42526
8.6114
4.76409
5.54403
6.74665
5.94616
5.64056
9.1288
8.75532
10.0385
6.48794
6.56152
6.69353
8.46336
8.89152
4.93409
6.26709
5.28808
6.35726
7.14442
6.66131
7.41372
7.17195
4.39287
6.9266
11.3617
11.7399
5.71076
8.46114
3.99996
5.73915
4.53457
9.03612
7.41192
6.13615
6.77669
6.08376
4.40154
7.23218
7.78713
7.067
5.99816
7.45758
7.00601
5.16506
6.51563
7.2301
5.21561
10.7668
9.48433
5.45255
6.76675
5.1396
7.98918
7.05893
6.28353
10.7108
8.5287
9.21076
10.0412
9.14613
6.92718
8.8753
7.3024
6.90681
7.03516
8.28108
5.33039
4.69032
6.65573
5.6501
5.77859
5.47919
5.94071
7.20261
4.53731
5.55808
7.38933
10.8182
5.80834
11.6037
7.42216
6.20621
7.9113
6.3506
4.63268
4.9497
12.2118
9.1663
6.71688
5.50172
7.56186
6.3543
4.67893
8.50701
6.91582
5.5575
6.23271
7.89735
5.34405
7.27941
6.62894
7.27914
8.7763
11.3589
6.13405
7.48916
6.98437
6.49269
7.17502
7.3463
7.57206
8.03458
9.44333
10.1839
10.6997
6.98577
6.80664
9.45688
5.44343
9.07365
4.37861
5.9596
7.82495
6.7747
5.51134
11.1133
8.92931
6.00384
4.86445
5.26651
8.17607
6.92923
7.02773
7.26677
9.12958
6.38831
7.48677
4.68481
7.28492
6.96984
6.82097
8.14021
6.11079
6.72787
6.7664
8.0936
9.99615
4.03769
7.71839
5.31135
6.96798
5.40685
4.69818
8.35434
7.4917
8.1923
5.47787
7.79552
6.08136
4.85416
7.74809
6.38079
8.56319
7.12708
10.5918
8.89111
8.37953
6.57041
7.81703
5.92018
4.97171
8.27677
7.88517
6.51965
7.27369
4.82298
4.82297
6.93284
10.6351
6.4825
7.8356
6.70603
9.87587
5.18531
7.46756
7.83535
8.29527
6.8838
4.7567
7.52764
4.15519
6.28193
6.02904
9.00738
5.71233
7.00387
7.23223
5.13787
7.01267
3.75048
7.10145
10.7535
7.89187
5.18012
5.57364
4.75962
4.86434
6.22167
8.85438
5.76214
7.23601
5.21139
8.15695
5.20996
5.65921
11.0299
6.77361
9.5211
4.22476
7.45809
6.22285
7.24025
5.30031
5.77781
7.69026
8.06684
5.52072
5.93568
6.32716
9.94864
6.66302
7.3984
8.4351
5.35668
6.68545
8.99704
5.3414
6.21303
6.23557
5.93706
7.10748
7.00568
7.57207
5.92068
9.47718
6.0725
7.15649
5.27116
6.09763
5.29373
5.93139
5.43065
8.6094
9.6942
6.49714
4.83607
7.33052
5.8119
9.3979
6.12316
7.21637
5.35808
6.99216
4.57543
6.70856
6.92283
8.09256
5.92211
7.30754
6.79085
5.84357
6.44845
7.84281
7.54752
5.38703
7.66439
6.2625
10.9546
7.72141
5.07088
7.20005
6.28009
5.0366
5.32593
4.90253
6.12041
8.80258
6.2154
8.03072
6.28424
7.24236
8.50606
6.94797
5.4632
6.61044
8.89233
4.44664
5.39696
7.31748
8.82948
4.55957
5.58535
5.47128
4.89926
5.26001
4.91334
6.54495
5.90258
8.55541
6.23493
7.45003
11.0902
7.59531
10.4176
8.57756
6.50219
4.48122
4.47446
5.72224
6.76977
7.00191
5.79189
5.49151
5.8042
8.78646
5.89871
5.90569
4.97924
10.1692
6.63879
8.9499
5.6213
6.47112
7.40429
4.27967
9.14736
5.06947
9.39701
5.75232
4.73235
6.51859
6.68767
8.20159
5.58521
6.69399
6.70255
6.19212
5.62681
6.70492
7.98135
8.94692
4.94404
6.76797
4.80452
6.49126
10.2157
5.01727
8.43546
6.9394
7.42087
8.25218
6.0783
8.03125
5.33517
7.44144
5.55938
5.4568
5.77035
6.92157
10.2192
6.56093
6.36961
5.99297
9.83224
5.65697
6.79771
7.22631
5.42229
7.20676
5.05085
6.87987
5.82076
4.9654
6.57767
6.95543
8.9411
7.68796
4.57308
6.62049
8.81496
7.04682
12.8696
6.19377
5.97014
9.42913
6.41935
7.57959
7.98768
9.95896
6.81235
5.17799
7.58782
10.2167
4.95578
4.37697
5.22362
6.76052
6.28356
6.72736
6.48493
7.64542
4.85709
5.49442
8.3731
3.9225
5.12841
5.46557
4.44821
7.26451
6.6773
5.30321
6.11941
5.96168
6.29653
5.4851
11.2287
6.95969
7.49754
4.0407
7.66169
10.3003
6.62837
4.27123
9.74516
6.03904
7.45604
7.52602
6.18785
7.39597
5.35709
6.69372
6.23933
5.64288
6.32787
6.48711
6.59003
7.26314
4.9843
6.16823
6.38023
4.97537
7.14604
6.46794
6.87103
8.60928
5.93903
8.06439
5.41826
7.31921
5.60038
10.3518
11.2728
6.91675
4.65335
10.3409
7.40904
7.91462
5.91552
7.73148
8.05534
9.54312
5.42501
5.80539
7.05842
7.29045
10.8519
7.19897
11.1999
5.96246
10.5756
10.642
8.40863
7.674
4.8403
7.33114
7.49581
4.72081
5.98395
6.13098
7.85151
7.4132
6.27016
7.2562
6.73476
11.0098
3.98183
7.25216
10.2052
6.17935
5.33746
8.34614
6.46976
8.15152
5.72483
5.02686
7.33337
6.14337
5.16476
5.19048
8.49682
4.7722
6.44657
6.53815
10.0098
10.6011
6.90482
9.69517
7.13387
7.33612
8.8977
7.53334
9.61328
5.94435
5.76315
5.82127
8.30872
5.27492
5.9991
8.03525
8.62456
5.29321
5.58427
6.53084
6.9002
5.65243
4.63797
7.23072
7.10189
6.12455
8.81488
6.67885
9.87245
5.33526
6.06627
4.56882
8.03613
8.25901
4.37458
4.35795
9.79064
9.86513
7.76553
5.58056
5.72056
5.16225
5.19333
6.11166
6.61016
5.86835
10.4751
4.82056
9.27195
5.17327
7.35102
6.43939
5.78119
5.03993
7.18915
10.4344
5.8714
4.89841
6.11819
11.4614
5.75542
7.75213
7.94656
4.94428
7.7368
7.34768
8.69729
5.91588
7.17918
8.76928
8.33142
5.1259
6.39165
5.27959
6.02926
8.71666
5.34244
5.5975
10.3023
6.28371
10.7157
6.63266
7.76856
7.39101
5.98467
8.79131
4.70761
9.62256
6.71585
7.64393
5.45796
8.31447
6.96993
5.80359
5.11068
5.46621
5.13371
5.90265
10.5586
4.70382
7.57982
6.34059
5.91287
8.12626
6.88351
6.09873
6.29049
4.74827
10.5186
5.30818
5.53158
5.02069
10.8701
5.67045
8.18376
7.12192
5.83247
8.08891
7.2713
8.05258
9.30923
7.05089
6.69659
7.67697
9.26224
4.53049
5.20943
6.59062
4.38799
5.76875
7.28597
5.59122
9.30014
6.8197
6.69979
9.80264
8.33482
5.66162
7.02533
6.64952
6.6381
6.82312
5.58212
7.69155
7.51804
9.10868
5.57546
8.24573
8.08834
6.369
5.89059
5.13911
9.47962
5.19904
4.91571
7.20118
8.59706
10.3141
7.56273
5.76207
5.04156
8.57739
10.1322
5.76564
9.99801
6.00245
5.15151
7.95897
6.6673
6.08299
7.05064
7.92415
5.9349
8.58173
5.07683
7.77945
8.43188
6.95929
5.30255
5.63314
4.96565
7.15304
6.98137
8.30575
6.19904
9.69831
9.27163
7.54879
9.42684
9.6969
5.68468
5.96351
6.7266
6.03336
6.56079
8.16445
5.78224
7.85318
5.54759
4.58953
5.18121
7.67782
4.26878
6.25441
10.4201
9.4114
5.02527
5.31136
6.47593
5.24429
6.49722
9.22746
5.2468
6.56478
6.31421
7.96979
6.02234
4.98442
5.10457
5.00779
7.31217
6.67461
5.43699
7.87217
9.1043
6.94669
8.28059
10.0763
7.09845
8.52524
9.91158
6.97049
9.14232
5.35893
7.34976
4.922
7.75677
